-1.4966,0.15656,1.3977,0.49254,0.82008,0.76741,-0.49884,0.15656,0.50345,2.7984,0.7084,0.30595,1.5981,-1.7831,1.3977,2.7984,-0.66252,0.65053,1.1753,0.082645,2.2943,0.49254,0.7084,0.65053,-2.6076,-0.078353,1.6996,1.0871,0.82008,0.30595,1.1753,-0.078353,-0.4415,-0.91678,-2.8116,0.76741,1.5981,0.082645,1.6996,-0.91678,-0.97478,0.33229,-0.49884,-1.7831,2.2943,1.0871,-2.8116,0.33229,-2.0485
