0.73918,0.64782,0.63107,0.60922,0.71364,0.66949,0.60305,0.72902,0.617,0.64325,0.61667,0.70495,0.6571,0.61941
0.20073,0.1175,0.27891,0.25962,0.090644,0.21266,0.15519,0.16251,0.033465,0.23074,0.17925,0.045311,0.1283,0.079441
0.41092,0.27982,0.49841,0.4765,0.34997,0.41392,0.24202,0.37752,0.26983,0.43691,0.39086,0.32191,0.31222,0.19708
0.011355,-0.061098,0.1631,0.16735,-0.027669,0.10569,0.042162,-0.0090147,-0.10727,0.11909,0.073659,-0.060243,0.022668,-0.034834
0.34178,0.22687,0.47699,0.46062,0.24236,0.32599,0.21045,0.30856,0.20033,0.43101,0.40692,0.2162,0.20126,0.12446
0.34941,0.21204,0.4074,0.39463,0.23424,0.30415,0.15781,0.34656,0.20314,0.362,0.37405,0.17702,0.20798,0.14129
0.29337,0.1239,0.3861,0.36493,0.17282,0.25464,0.1059,0.27468,0.12129,0.33383,0.3196,0.10518,0.11874,0.068938
0.46232,0.33349,0.49629,0.47686,0.38382,0.39449,0.2977,0.44397,0.27928,0.45016,0.43137,0.31043,0.33445,0.27234
0.47435,0.39621,0.51631,0.50466,0.30464,0.38345,0.26998,0.44275,0.38226,0.51183,0.48924,0.24415,0.24437,0.26892
0.51785,0.42469,0.53248,0.51593,0.31473,0.40909,0.36987,0.51891,0.42864,0.49972,0.49987,0.28615,0.30249,0.36523
0.35741,0.19978,0.50267,0.48746,0.23371,0.35961,0.13034,0.36766,0.20057,0.48899,0.48488,0.17874,0.27428,0.097183
0.35066,0.25272,0.13757,0.15086,0.21351,0.15956,0.23906,0.30494,0.13991,0.085712,0.11766,0.11852,0.10239,0.22301
0.21367,0.12149,0.34806,0.33576,0.1755,0.27069,0.1329,0.17101,0.098719,0.2932,0.24546,0.12863,0.12699,0.057717
0.41922,0.41068,0.47437,0.43974,0.38542,0.40627,0.37813,0.36933,0.36372,0.43488,0.34111,0.3443,0.31333,0.32311
0.47999,0.41841,0.56539,0.51227,0.37032,0.38999,0.34584,0.45544,0.40372,0.52579,0.46123,0.34278,0.31845,0.30844
0.47862,0.35431,0.52724,0.52367,0.32738,0.42491,0.32052,0.46942,0.31802,0.49336,0.47007,0.28656,0.36768,0.30056
0.4622,0.38901,0.5406,0.49955,0.37936,0.38654,0.35411,0.43788,0.36238,0.49744,0.45746,0.36239,0.33014,0.29104
0.4819,0.39017,0.52519,0.4819,0.39759,0.41543,0.3168,0.46443,0.31576,0.46636,0.42898,0.40544,0.35361,0.22312
0.10488,-0.00020315,0.28819,0.27837,-0.022741,0.11304,-0.012899,0.089604,-0.0079589,0.2576,0.22904,-0.081021,-0.0034934,-0.07379
0.32206,0.18144,0.36381,0.3287,0.23289,0.2427,0.13245,0.2997,0.16452,0.304,0.28744,0.15898,0.11241,0.092566
0.3669,0.28298,0.40239,0.35988,0.37381,0.34097,0.3283,0.32404,0.23368,0.32666,0.27538,0.3271,0.23172,0.26428
0.36299,0.24893,0.42897,0.39808,0.21653,0.29169,0.15804,0.3508,0.25134,0.38288,0.39883,0.18133,0.16126,0.13717
0.34606,0.24313,0.37242,0.32989,0.24029,0.25816,0.17878,0.32342,0.23768,0.32505,0.29375,0.18732,0.15041,0.1503
0.4296,0.31432,0.31181,0.24554,0.36387,0.19329,0.27919,0.40233,0.26944,0.26446,0.24132,0.38104,0.19261,0.24483
0.22843,0.20459,0.22275,0.11311,0.15237,0.032653,0.28292,0.20003,0.134,0.16065,0.12366,0.074304,-0.018324,0.21733
0.40654,0.39167,0.20936,0.15977,0.46657,0.22242,0.43962,0.35206,0.31434,0.1923,0.16408,0.39822,0.22584,0.43591
0.48686,0.40709,0.37869,0.31412,0.4856,0.38071,0.52237,0.43655,0.32149,0.36546,0.30011,0.39759,0.32091,0.4877
0.38365,0.30476,0.15734,0.08875,0.27146,0.054517,0.3367,0.35016,0.24417,0.12799,0.13481,0.24049,0.052096,0.28765
0.34592,0.28349,0.1037,0.052982,0.30076,0.039571,0.32271,0.31541,0.20615,0.097611,0.108,0.24198,0.070576,0.30578
0.49697,0.39621,0.54921,0.51219,0.36597,0.36408,0.28647,0.48902,0.38854,0.50699,0.48274,0.33661,0.26698,0.2554
0.083255,-0.015758,0.098873,0.11791,0.16238,0.31199,0.074824,0.048023,-0.069175,0.088079,0.075207,0.12578,0.2312,0.039867
0.43439,0.29477,0.5581,0.51776,0.32968,0.4031,0.18946,0.44319,0.30167,0.54023,0.5117,0.29953,0.34423,0.1541
0.39477,0.37681,0.29262,0.28688,0.35367,0.33377,0.38616,0.39045,0.35392,0.3034,0.28359,0.35123,0.27217,0.37291
0.17945,0.1086,0.011614,-0.060395,0.15421,-0.019076,0.22721,0.16971,0.057303,-0.007267,-0.029088,0.10334,-0.052564,0.22252
0.085064,-0.088939,-0.12354,-0.076798,0.20564,0.062341,-0.041426,0.13547,-0.10192,-0.097224,-0.0051295,0.15503,0.11051,0.015646
-0.08481,-0.11353,-0.10026,-0.17211,-0.07496,-0.080536,-0.001804,-0.064798,-0.13754,-0.11767,-0.12899,-0.094322,-0.18658,-0.067899
0.42389,0.33988,0.27239,0.22935,0.32177,0.19616,0.40968,0.42834,0.3167,0.28327,0.27582,0.28438,0.16934,0.39822
0.084005,-0.096139,0.023646,0.028722,-0.015763,0.0060188,-0.020075,0.11664,-0.12494,-0.0027593,0.062109,-0.089408,-0.056585,-0.02779
-0.078136,-0.15626,-0.2086,-0.21883,0.10764,-0.0010175,-0.083663,0.0068359,-0.11104,-0.15683,-0.10237,0.085808,0.078601,-0.05102
-0.026717,-0.23082,-0.12694,-0.080811,0.063565,0.056304,-0.17836,0.0010398,-0.2366,-0.079587,-0.032384,0.02311,0.05311,-0.22427
-0.093167,-0.12944,-0.13008,-0.1113,-0.13684,-0.074004,-0.085391,-0.060618,-0.11653,-0.1152,-0.080782,-0.19887,-0.08866,-0.022337
0.013875,-0.020569,-0.093307,-0.020131,0.11418,0.049309,-0.020458,0.0069911,-0.048899,-0.080047,-0.06395,0.071582,0.035816,-0.035066
0.48303,0.38155,0.49099,0.45208,0.35545,0.41054,0.333,0.48892,0.38523,0.47867,0.44875,0.2775,0.3367,0.38285
0.3454,0.33703,0.35433,0.2606,0.21252,0.13744,0.37522,0.29477,0.2374,0.30028,0.23666,0.15931,0.033335,0.28754
0.45352,0.34729,0.29671,0.24149,0.35646,0.14733,0.28706,0.42681,0.31988,0.27479,0.26197,0.3289,0.15313,0.28976
0.44922,0.36198,0.50245,0.48292,0.33496,0.37522,0.27351,0.43552,0.29953,0.45936,0.46825,0.27073,0.31113,0.24678
0.43844,0.36743,0.22847,0.19354,0.42446,0.21756,0.37583,0.41915,0.2975,0.22459,0.22979,0.37787,0.25399,0.3679
0.21729,0.089073,0.20323,0.17869,0.14785,0.25369,0.20615,0.19433,0.010829,0.1915,0.15077,0.050467,0.17674,0.16467
0.21298,0.11916,0.08706,0.089373,0.39294,0.30327,0.21877,0.19266,0.053292,0.068806,0.038297,0.36045,0.32168,0.19398
-0.087419,-0.13538,-0.065171,-0.027316,-0.046139,0.039308,-0.11941,-0.095966,-0.17816,-0.11637,-0.11619,-0.068188,-0.060882,-0.20815
-0.059724,-0.047545,-0.0017263,-0.027755,-0.020168,0.034778,0.051622,-0.11452,-0.15259,-0.086981,-0.096742,-0.08227,-0.098189,-0.058599
0.50841,0.43055,0.38677,0.32772,0.45561,0.35227,0.49086,0.48057,0.35998,0.37187,0.32353,0.38419,0.32675,0.46772
0.36201,0.30261,0.12675,0.087098,0.26323,0.02277,0.3099,0.31701,0.23119,0.10093,0.10173,0.19817,0.014279,0.29905
0.58838,0.49334,0.62729,0.58291,0.40939,0.46223,0.40527,0.59639,0.49065,0.62319,0.60864,0.37909,0.37583,0.41309
0.48166,0.44421,0.36667,0.28816,0.32313,0.20087,0.46764,0.46111,0.36646,0.33764,0.31878,0.29164,0.15774,0.40693
0.19202,0.12613,-0.079106,-0.068886,0.26279,-0.025796,0.11948,0.13938,0.036496,-0.095064,-0.083144,0.1985,0.065439,0.1344
0.32135,0.1766,0.080984,0.077881,0.25318,0.084372,0.22069,0.26403,0.073588,0.026452,0.054651,0.12221,0.042967,0.20595
0.36192,0.29371,0.23062,0.17936,0.41282,0.18577,0.31905,0.32522,0.21812,0.19306,0.15523,0.34626,0.18406,0.28834
0.38301,0.37641,0.304,0.19607,0.3043,0.18268,0.48764,0.33633,0.28818,0.26011,0.18177,0.27249,0.11265,0.42614
0.17306,0.094586,0.085546,0.0866,0.11599,0.12677,0.14919,0.1966,0.06548,0.093523,0.11701,0.056906,0.065142,0.18349
0.23961,0.1186,0.19688,0.17242,0.17765,0.19636,0.22973,0.24023,0.083267,0.18143,0.17644,0.11776,0.1214,0.20971
0.25204,0.2271,0.1865,0.093149,0.23468,0.14027,0.34995,0.20162,0.15315,0.14716,0.075796,0.18131,0.043722,0.28288
0.37096,0.33412,0.29647,0.28271,0.35796,0.34103,0.4176,0.30921,0.2214,0.24232,0.20175,0.24963,0.23572,0.32199
0.40244,0.27854,0.26296,0.2667,0.21928,0.24039,0.30142,0.38232,0.24994,0.26311,0.26857,0.18528,0.17473,0.30685
0.41773,0.36104,0.49353,0.41725,0.30195,0.35461,0.40599,0.37992,0.30172,0.44867,0.38526,0.23806,0.21156,0.32218
0.37609,0.30601,0.34037,0.35886,0.23106,0.34536,0.22701,0.40257,0.28324,0.32747,0.37343,0.22931,0.26928,0.20962
-0.11215,-0.13765,-0.015736,0.044628,0.037693,0.25156,-0.092085,-0.13296,-0.16839,-0.030802,-0.062837,0.039672,0.19155,-0.12159
0.30813,0.10762,0.3173,0.33696,0.19815,0.34686,0.066154,0.33057,0.087878,0.30554,0.36158,0.10084,0.2827,0.047711
0.17546,0.1811,0.14324,0.14907,0.048407,0.16831,0.13805,0.19592,0.1276,0.12954,0.17604,0.067527,0.10725,0.084198
0.37252,0.33641,0.17376,0.13428,0.25442,0.10516,0.34731,0.33986,0.25114,0.15457,0.15127,0.21035,0.086491,0.31263
0.44617,0.35761,0.45008,0.47114,0.40515,0.47972,0.32669,0.41786,0.30416,0.42875,0.42141,0.31773,0.40041,0.30172
-0.098756,-0.11024,0.022862,0.077131,0.015872,0.21306,-0.081255,-0.11879,-0.16068,-0.0019314,-0.024121,0.027818,0.15386,-0.16599
0.32899,0.33617,0.34293,0.37561,0.27841,0.42264,0.33076,0.33878,0.3446,0.38914,0.36674,0.33881,0.38368,0.33599
0.4652,0.46237,0.4404,0.42052,0.38011,0.38935,0.46198,0.43559,0.44409,0.44192,0.39436,0.43505,0.34293,0.40732
0.39611,0.363,0.37544,0.36711,0.42706,0.50261,0.37887,0.40621,0.33922,0.37739,0.36788,0.44238,0.43923,0.37217
0.41766,0.31669,0.57425,0.56598,0.18634,0.39829,0.18843,0.44767,0.34176,0.58132,0.58845,0.17244,0.31805,0.19249
0.4,0.37366,0.56071,0.54445,0.20681,0.39805,0.24246,0.4063,0.38884,0.56431,0.54449,0.21078,0.30763,0.25694
0.39715,0.32781,0.49281,0.46194,0.33992,0.37266,0.21222,0.38011,0.30031,0.47608,0.43874,0.34179,0.37518,0.19646
0.42438,0.30721,0.50856,0.49228,0.26667,0.37841,0.23205,0.4192,0.32067,0.48151,0.44926,0.25417,0.29299,0.23386
0.42574,0.27244,0.48072,0.465,0.35222,0.3888,0.17698,0.42325,0.29718,0.45848,0.42337,0.33921,0.36226,0.20202
0.4712,0.36945,0.58965,0.54485,0.30943,0.44251,0.35336,0.44827,0.34867,0.56593,0.52681,0.27626,0.33678,0.31355
0.50188,0.40062,0.62417,0.59396,0.30935,0.44874,0.29333,0.50339,0.3942,0.62152,0.59637,0.2977,0.35755,0.27924
0.31965,0.27223,0.19234,0.12565,0.2543,0.14396,0.38472,0.25612,0.18373,0.1755,0.11789,0.15493,0.072422,0.33839
0.25478,0.23519,0.24543,0.20854,0.23597,0.14698,0.27181,0.21626,0.16464,0.212,0.18615,0.1317,0.10209,0.2383
0.52682,0.37531,0.57408,0.53101,0.44255,0.45469,0.32322,0.52622,0.3797,0.56179,0.52873,0.37783,0.38831,0.32186
0.50075,0.39414,0.61361,0.58841,0.37149,0.49192,0.30072,0.51036,0.3856,0.6116,0.5827,0.36877,0.4207,0.27992
0.23414,0.20489,0.27365,0.29838,0.13719,0.28867,0.17078,0.24947,0.23006,0.30709,0.28459,0.13789,0.22257,0.25895
0.2008,0.12955,-0.041761,0.0083416,0.16626,0.092427,0.20432,0.12964,0.019183,-0.051849,-0.058555,0.051834,0.030499,0.19017
0.024099,-0.083907,0.02259,0.058446,0.11874,0.24332,0.025855,0.0078889,-0.12538,0.035245,0.015014,0.11,0.23001,-0.019175
0.15992,0.0020682,-0.01793,0.066551,0.16302,0.20902,0.055283,0.15874,-0.044188,-0.0063518,0.042249,0.12139,0.16835,0.064881
0.34541,0.32319,0.21379,0.20708,0.52168,0.39273,0.36427,0.29314,0.29833,0.23727,0.19035,0.51289,0.38484,0.38578
0.27202,0.28218,0.20681,0.21008,0.44237,0.37447,0.30836,0.20368,0.25013,0.20518,0.13148,0.44168,0.36169,0.32634
0.24681,0.25767,0.12234,0.11056,0.40414,0.27013,0.33059,0.18354,0.23227,0.10888,0.035598,0.39178,0.25569,0.30852
0.12535,0.06196,0.11237,0.07553,0.23195,0.17175,0.13707,0.16787,0.12323,0.14157,0.10215,0.1935,0.15503,0.21285
0.19612,0.014541,0.074296,0.15875,0.31449,0.35483,0.042153,0.18663,0.0080981,0.094587,0.15183,0.26418,0.32266,0.092151
0.26322,0.16802,0.090099,0.10065,0.43946,0.3156,0.15535,0.26513,0.14155,0.10258,0.13798,0.43371,0.32844,0.15931
0.023381,-0.054424,0.04718,0.061297,-0.055296,0.12833,0.094325,-0.0087269,-0.10044,0.020116,-0.027817,-0.1432,-0.054127,0.035776
0.47542,0.42727,0.40858,0.3547,0.39893,0.3479,0.48872,0.42725,0.36422,0.35056,0.29796,0.28932,0.21326,0.40857
0.486,0.31253,0.58782,0.56257,0.39226,0.48968,0.23067,0.4987,0.30311,0.56894,0.54537,0.3662,0.44482,0.225
0.20028,0.072099,0.32583,0.32433,0.23601,0.46493,0.15926,0.1973,0.037724,0.32137,0.30365,0.25075,0.31947,0.10924
-0.079012,-0.17268,0.0064746,0.08127,0.012826,0.25553,-0.023659,-0.084665,-0.18392,0.01987,-0.024783,0.028093,0.15355,-0.047478
0.42691,0.28941,0.50836,0.43474,0.31176,0.3948,0.21486,0.4529,0.32201,0.46819,0.43937,0.26066,0.32048,0.21787
0.49986,0.35056,0.50686,0.50984,0.45266,0.56063,0.33661,0.5053,0.33376,0.50741,0.53623,0.40825,0.50704,0.32285
0.4389,0.3611,0.42401,0.43199,0.35594,0.40115,0.3229,0.43467,0.30532,0.39687,0.40635,0.24925,0.32283,0.30024
0.45925,0.41467,0.50621,0.46995,0.35276,0.48387,0.43618,0.4729,0.37778,0.50237,0.45317,0.31044,0.35804,0.34608
0.45713,0.27465,0.55331,0.55091,0.27664,0.45055,0.19271,0.47705,0.28463,0.54617,0.54984,0.24168,0.33814,0.17064
0.47712,0.34642,0.56976,0.5491,0.33037,0.49813,0.27765,0.5007,0.35531,0.56547,0.57032,0.29274,0.40293,0.25592
0.30324,0.26981,0.22024,0.20654,0.44004,0.33513,0.36666,0.26555,0.22506,0.20576,0.13802,0.40554,0.28518,0.34986
0.37289,0.3444,0.27949,0.27327,0.53409,0.44195,0.40147,0.31764,0.3125,0.29306,0.2562,0.53179,0.43413,0.41402
0.39722,0.34028,0.35282,0.37061,0.51015,0.50971,0.39302,0.34186,0.3069,0.36216,0.32038,0.51334,0.48186,0.41065
0.54182,0.4259,0.58039,0.56283,0.47253,0.55484,0.38661,0.55744,0.40351,0.59163,0.57384,0.43577,0.51034,0.37922
0.54564,0.44364,0.38765,0.36136,0.5297,0.37016,0.42674,0.53183,0.41729,0.37327,0.3478,0.49887,0.33729,0.47313
0.52953,0.46574,0.60391,0.56345,0.41075,0.47411,0.36246,0.55039,0.47035,0.62808,0.59128,0.43131,0.46169,0.36419
0.49697,0.36659,0.4566,0.44634,0.52077,0.52202,0.41153,0.48971,0.32021,0.44697,0.44187,0.47145,0.48326,0.41128
0.51362,0.39503,0.53567,0.52203,0.4649,0.50047,0.32076,0.51607,0.35983,0.52019,0.4777,0.44142,0.46051,0.2995
0.46976,0.3743,0.55772,0.52674,0.31948,0.39833,0.23825,0.50396,0.42822,0.58154,0.54669,0.31242,0.36828,0.2863
0.54029,0.42991,0.57745,0.54381,0.47005,0.52725,0.32928,0.5475,0.39695,0.59692,0.5455,0.45193,0.50895,0.31259
0.37722,0.18534,0.36527,0.39164,0.35458,0.46236,0.20106,0.36195,0.18944,0.40614,0.38795,0.33265,0.4029,0.24491
0.37784,0.26964,0.36284,0.30698,0.26023,0.2507,0.30351,0.36152,0.21411,0.34741,0.31404,0.20065,0.17873,0.27871
0.22052,0.13145,0.19142,0.18281,0.35009,0.37274,0.30323,0.19981,0.076665,0.16908,0.13317,0.27751,0.28756,0.25062
0.31055,0.1717,0.23758,0.22977,0.43603,0.39929,0.30651,0.27465,0.14795,0.23413,0.17095,0.37415,0.33645,0.27472
0.53537,0.40655,0.43082,0.39984,0.56918,0.46914,0.42594,0.51047,0.38791,0.42661,0.38439,0.54263,0.43794,0.44045
0.49789,0.37585,0.40504,0.35102,0.40624,0.32519,0.40431,0.46808,0.33364,0.3813,0.33304,0.35127,0.28171,0.4135
0.40059,0.27377,0.23345,0.24817,0.52835,0.3239,0.22935,0.40703,0.27016,0.27317,0.29565,0.50417,0.40439,0.23651
0.4426,0.34695,0.29686,0.27586,0.57326,0.42782,0.34622,0.43281,0.30072,0.31278,0.29271,0.54452,0.43411,0.32636
0.44604,0.4303,0.36471,0.35395,0.57822,0.44554,0.37395,0.45318,0.41386,0.34591,0.3553,0.47718,0.46093,0.39304
0.41451,0.31802,0.32859,0.28787,0.60875,0.48284,0.39331,0.40993,0.29728,0.32175,0.27892,0.56701,0.47051,0.40137
0.39881,0.3489,0.29343,0.26833,0.58642,0.39618,0.39771,0.37684,0.29512,0.2628,0.26726,0.51479,0.41736,0.3841
0.44822,0.38946,0.32839,0.32365,0.52576,0.37757,0.36205,0.43021,0.32462,0.31947,0.29957,0.46313,0.42661,0.33372
0.4693,0.33179,0.33429,0.32127,0.62868,0.47648,0.38944,0.47646,0.31664,0.35909,0.34894,0.5527,0.49036,0.37761
0.49388,0.34789,0.46904,0.43731,0.49679,0.41163,0.36671,0.44485,0.30781,0.43384,0.34391,0.48345,0.40709,0.29697
0.58591,0.52662,0.56914,0.51378,0.5648,0.44779,0.49284,0.55457,0.48851,0.54714,0.48595,0.5678,0.46522,0.46061
0.47789,0.31337,0.44559,0.42276,0.47088,0.43234,0.35533,0.4438,0.27752,0.40652,0.349,0.42607,0.37707,0.3107
0.56038,0.38652,0.51086,0.48895,0.58245,0.49227,0.39941,0.5451,0.35518,0.48958,0.44538,0.51858,0.47017,0.35126
0.54624,0.32993,0.47397,0.4561,0.54619,0.48993,0.36931,0.50769,0.30899,0.45768,0.40917,0.48149,0.43968,0.34044
0.58542,0.38097,0.53265,0.51836,0.58797,0.53374,0.39676,0.55446,0.32957,0.516,0.47005,0.52789,0.48689,0.36431
0.60519,0.45078,0.53824,0.50919,0.6043,0.53348,0.45739,0.57959,0.42269,0.52661,0.48122,0.56571,0.51803,0.41768
0.57951,0.47355,0.55432,0.51947,0.56801,0.47839,0.4713,0.55141,0.43949,0.53025,0.46695,0.56926,0.50492,0.42706
0.45228,0.34345,0.41355,0.36779,0.47033,0.39359,0.387,0.40877,0.29189,0.37996,0.30597,0.43818,0.35739,0.32073
0.43605,0.32871,0.43593,0.39809,0.4728,0.39521,0.34772,0.38697,0.29809,0.38943,0.31097,0.45919,0.38762,0.28465
0.54351,0.48797,0.49413,0.44049,0.52514,0.39903,0.43291,0.5247,0.4602,0.47039,0.42295,0.53254,0.43674,0.41543
0.56121,0.50091,0.51911,0.46307,0.55027,0.42764,0.45393,0.54142,0.47364,0.494,0.45037,0.55768,0.44021,0.43874
0.4542,0.3503,0.41912,0.37183,0.45973,0.37543,0.3804,0.40702,0.3147,0.38414,0.31512,0.46377,0.3785,0.32066
0.39467,0.28849,0.28544,0.22462,0.44687,0.28005,0.32384,0.34034,0.23142,0.23636,0.18033,0.42576,0.27684,0.26765
0.47619,0.28873,0.33565,0.28169,0.42927,0.29822,0.34789,0.44654,0.22021,0.29096,0.28119,0.34268,0.2502,0.32528
0.40607,0.27299,0.29784,0.23264,0.45212,0.29958,0.3478,0.36785,0.22739,0.27063,0.19899,0.43069,0.31003,0.27489
0.40284,0.34323,0.33772,0.26769,0.47232,0.33786,0.40938,0.33334,0.26313,0.29909,0.185,0.4497,0.33706,0.32671
0.46178,0.3403,0.31404,0.30456,0.54151,0.34433,0.32042,0.41232,0.29213,0.31194,0.2898,0.5309,0.41042,0.2887
0.5464,0.34734,0.45158,0.40122,0.53714,0.40546,0.36308,0.52996,0.30875,0.43654,0.41643,0.49202,0.40332,0.34962
0.45963,0.28703,0.26956,0.26455,0.50451,0.30151,0.2366,0.44973,0.26546,0.28822,0.31457,0.47844,0.35219,0.27156
0.42483,0.31483,0.36365,0.30656,0.4977,0.37383,0.38204,0.36084,0.25454,0.32303,0.21808,0.4721,0.37247,0.29749
0.50362,0.32774,0.34086,0.30694,0.51295,0.32381,0.27018,0.49816,0.29504,0.34403,0.35667,0.49227,0.37914,0.29508
0.4137,0.31502,0.36136,0.31067,0.45413,0.3363,0.34909,0.35663,0.26159,0.31494,0.23845,0.45456,0.34297,0.29767
0.47339,0.29843,0.42243,0.37604,0.51743,0.42098,0.32748,0.44029,0.28666,0.39351,0.32017,0.50316,0.43903,0.25897
0.43887,0.36683,0.40966,0.34326,0.4827,0.36196,0.39261,0.37969,0.3044,0.35633,0.26848,0.47268,0.37143,0.32936
0.53504,0.34175,0.44483,0.40203,0.5652,0.44534,0.40014,0.49877,0.2972,0.42468,0.36132,0.51046,0.41928,0.37057
0.5474,0.46066,0.53879,0.48119,0.54041,0.46556,0.44098,0.53784,0.43273,0.52657,0.47603,0.53334,0.46913,0.38038
0.52924,0.38582,0.49585,0.45661,0.56657,0.48333,0.39887,0.4903,0.3577,0.46213,0.40852,0.53635,0.48219,0.34479
0.38155,0.24621,0.2985,0.27775,0.40794,0.24862,0.14029,0.35777,0.23621,0.28474,0.24429,0.40712,0.30647,0.12863
0.52358,0.35027,0.3794,0.37738,0.57895,0.41465,0.33604,0.4821,0.29945,0.37652,0.34913,0.54685,0.4298,0.30074
0.55844,0.45643,0.57294,0.51177,0.54279,0.46945,0.42649,0.54664,0.42416,0.54711,0.48064,0.53622,0.46217,0.39299
0.56714,0.48903,0.54528,0.49406,0.55786,0.45397,0.41508,0.53814,0.45798,0.50683,0.44576,0.56545,0.45982,0.38678
0.45276,0.29542,0.3547,0.33102,0.54924,0.41222,0.27172,0.43269,0.25497,0.36638,0.34578,0.53391,0.48345,0.2558
0.48496,0.3823,0.34099,0.28444,0.50683,0.30887,0.36536,0.44796,0.34436,0.31734,0.25086,0.51206,0.36609,0.32554
0.35045,0.19617,0.093741,0.087724,0.2617,0.11752,0.20719,0.33801,0.17727,0.084354,0.1209,0.1883,0.067302,0.23947
0.4619,0.24397,0.29286,0.29965,0.35846,0.30869,0.19314,0.47027,0.24935,0.2968,0.33399,0.31582,0.26452,0.2467
0.54166,0.49227,0.54142,0.47406,0.53317,0.43948,0.48724,0.50223,0.43859,0.51721,0.42814,0.54195,0.45551,0.41991
0.48203,0.3532,0.25779,0.2225,0.51083,0.28499,0.36692,0.45155,0.3178,0.24268,0.2096,0.45543,0.30624,0.38205
0.42788,0.37316,0.4138,0.35443,0.45824,0.36837,0.38519,0.37672,0.32933,0.38154,0.27737,0.47031,0.35956,0.30502
0.48829,0.38383,0.48278,0.44727,0.46447,0.41459,0.30659,0.46284,0.3683,0.47109,0.41394,0.46435,0.43347,0.28105
0.50545,0.33588,0.35752,0.32831,0.45282,0.31917,0.26011,0.49771,0.31954,0.36086,0.34948,0.44664,0.37322,0.29775
0.58642,0.5018,0.57595,0.53687,0.48833,0.45971,0.3981,0.57496,0.48012,0.57259,0.51474,0.51331,0.45637,0.39943
0.46426,0.25172,0.29956,0.29242,0.39083,0.27182,0.13688,0.47971,0.2424,0.32568,0.37739,0.38856,0.32326,0.17923
0.41209,0.27177,0.19778,0.16657,0.5423,0.31864,0.28726,0.40427,0.26214,0.20846,0.18825,0.51012,0.37053,0.34648
0.43192,0.24502,0.35575,0.36558,0.35609,0.32313,0.10293,0.45052,0.25114,0.35667,0.40754,0.38045,0.35144,0.14872
0.32558,0.14825,0.033114,0.048242,0.25419,0.087895,0.14847,0.32348,0.12935,0.038973,0.10241,0.17827,0.07066,0.20484
0.47988,0.3201,0.50857,0.50857,0.36144,0.43228,0.26368,0.47264,0.28156,0.48577,0.5121,0.36567,0.38225,0.24505
0.4185,0.26765,0.29852,0.29012,0.33376,0.19681,0.12295,0.44182,0.27222,0.31152,0.36842,0.35884,0.27162,0.17951
0.6007,0.52138,0.60933,0.54727,0.57535,0.49613,0.47462,0.58372,0.49546,0.61053,0.53604,0.57785,0.50392,0.45213
0.35065,0.12766,0.16814,0.1849,0.21223,0.20567,0.11451,0.37448,0.12553,0.18971,0.2365,0.16988,0.13819,0.1555
0.36626,0.17508,0.14335,0.15041,0.3048,0.15254,0.10041,0.38367,0.16179,0.17357,0.25044,0.29246,0.20265,0.13897
0.32249,0.20595,0.12862,0.068677,0.43119,0.22073,0.26469,0.28859,0.15557,0.10648,0.077044,0.37537,0.20124,0.27092
0.52227,0.32369,0.41134,0.40617,0.57009,0.46913,0.27089,0.55487,0.32194,0.43672,0.48787,0.55194,0.50488,0.31243
0.31197,0.14689,0.22631,0.2467,0.52347,0.47539,0.20682,0.32585,0.15642,0.25415,0.2417,0.47433,0.47147,0.25168
0.38124,0.17432,0.3582,0.37893,0.33498,0.40987,0.20466,0.40266,0.12902,0.37162,0.41814,0.31528,0.35961,0.18572
0.44717,0.27264,0.28995,0.28952,0.26454,0.24553,0.22431,0.45017,0.26628,0.28821,0.32049,0.24269,0.17181,0.28077
0.45103,0.28543,0.26417,0.28228,0.33687,0.30648,0.23593,0.4664,0.27886,0.27675,0.33278,0.26905,0.22829,0.3082
0.53601,0.3877,0.49686,0.5013,0.37116,0.45175,0.31809,0.52994,0.3615,0.48089,0.48167,0.37406,0.37677,0.33675
0.4958,0.40766,0.47283,0.43641,0.56598,0.49474,0.43541,0.49326,0.38401,0.48253,0.45855,0.54361,0.49454,0.39953
0.32969,0.26383,0.207,0.20174,0.38314,0.26924,0.20136,0.32197,0.23515,0.22912,0.24444,0.39723,0.30406,0.21952
0.43632,0.30178,0.29852,0.30508,0.4634,0.30372,0.20479,0.40469,0.24859,0.31503,0.31187,0.45451,0.3464,0.20777
0.46363,0.39178,0.51113,0.43512,0.42925,0.37849,0.3678,0.45695,0.36888,0.49791,0.40764,0.45115,0.39077,0.35067
0.15538,0.11689,0.13602,0.10732,0.22178,0.21945,0.10761,0.13494,0.043524,0.14431,0.10551,0.19158,0.23006,0.10505
-0.054296,0.027424,-0.10041,-0.089217,-0.016937,-0.075004,-0.042532,-0.088115,-0.037402,-0.094608,-0.069273,-0.038616,-0.030551,-0.044695
0.54568,0.49108,0.57756,0.52087,0.54775,0.50582,0.49779,0.54101,0.4604,0.5714,0.51189,0.54046,0.51432,0.45071
0.42762,0.40021,0.48738,0.44846,0.41479,0.42548,0.41996,0.42952,0.38515,0.49056,0.42246,0.43413,0.45588,0.37109
0.059777,0.053196,0.17151,0.12802,0.089007,0.18995,0.042809,0.080564,0.028913,0.18676,0.14103,0.12428,0.20927,0.054429
0.54027,0.42681,0.52353,0.47824,0.5522,0.46165,0.44412,0.51402,0.40775,0.51979,0.45855,0.56377,0.49913,0.40101
0.59212,0.43395,0.49383,0.50857,0.49228,0.5139,0.34357,0.62111,0.43213,0.52426,0.56166,0.48826,0.48736,0.3863
0.46518,0.38938,0.52431,0.47827,0.43383,0.45037,0.32342,0.44529,0.35194,0.51038,0.47338,0.39908,0.40489,0.26008
0.44648,0.23448,0.4608,0.48452,0.23449,0.36655,0.18613,0.44947,0.24721,0.44927,0.46902,0.18828,0.27351,0.19147
0.47721,0.46545,0.56351,0.51777,0.37814,0.41113,0.3786,0.45237,0.45853,0.54564,0.47674,0.35689,0.35878,0.35186
0.4835,0.35255,0.47484,0.46973,0.46139,0.45078,0.37138,0.45204,0.29959,0.431,0.41576,0.42535,0.42606,0.30152
0.44329,0.39165,0.43789,0.39742,0.40917,0.38291,0.36247,0.41096,0.36427,0.40137,0.3422,0.36165,0.30534,0.35854
0.2792,0.16346,0.31225,0.26857,0.21442,0.19911,0.10845,0.26394,0.15921,0.24557,0.2247,0.16149,0.096196,0.083799
0.51137,0.36696,0.56988,0.53527,0.47751,0.48315,0.33331,0.49627,0.32409,0.53348,0.51233,0.42984,0.42484,0.27262
0.35145,0.16634,0.38701,0.35649,0.26989,0.28144,0.13659,0.33623,0.14927,0.33702,0.3181,0.20804,0.19392,0.099734
0.35108,0.28004,0.36505,0.30383,0.29799,0.267,0.22857,0.32618,0.25803,0.30029,0.26688,0.25676,0.17398,0.20376
0.52938,0.41315,0.55923,0.51373,0.54685,0.53191,0.40627,0.5232,0.39261,0.54406,0.49877,0.4987,0.49234,0.36366
0.33043,0.16809,0.39003,0.37104,0.19498,0.26501,0.11576,0.34625,0.18893,0.35815,0.36856,0.1583,0.19009,0.12997
0.3852,0.23991,0.4274,0.40962,0.35831,0.37643,0.18904,0.35466,0.21464,0.41951,0.39183,0.33126,0.38118,0.12872
0.41814,0.26939,0.35613,0.34955,0.28001,0.29879,0.30821,0.37902,0.19858,0.2969,0.31576,0.18099,0.18727,0.2663
0.39497,0.3036,0.43454,0.41577,0.41635,0.38624,0.35433,0.36199,0.25831,0.38201,0.34203,0.36861,0.35361,0.28217
0.42388,0.2841,0.3917,0.41841,0.19904,0.31121,0.19465,0.41349,0.26235,0.36959,0.39269,0.19397,0.23372,0.21147
0.42368,0.29267,0.31768,0.28655,0.37918,0.26031,0.22548,0.38954,0.25868,0.27337,0.22546,0.38943,0.24336,0.20191
0.4905,0.31408,0.52963,0.52173,0.36822,0.43284,0.23838,0.472,0.28979,0.49441,0.4761,0.33871,0.3562,0.21852
0.33619,0.21255,0.22586,0.1894,0.32351,0.21598,0.27739,0.29629,0.14288,0.14882,0.13901,0.26587,0.16059,0.23462
0.41939,0.31449,0.27226,0.24912,0.26053,0.17197,0.22368,0.40458,0.28948,0.24853,0.25677,0.2462,0.11696,0.22894
0.44625,0.30487,0.53294,0.51713,0.35652,0.43169,0.18307,0.45396,0.30207,0.51788,0.49884,0.33339,0.34374,0.16374
0.36932,0.29813,0.33761,0.29687,0.38423,0.33055,0.32402,0.32568,0.25708,0.30677,0.22229,0.37084,0.26273,0.26314
0.39677,0.22448,0.28927,0.2946,0.30657,0.31236,0.29215,0.35094,0.15698,0.22618,0.20458,0.24619,0.19565,0.24961
0.30397,0.18023,0.052872,0.014723,0.21476,0.044389,0.2345,0.2827,0.1357,0.025385,0.046322,0.12265,-0.014841,0.24983
0.3647,0.23676,0.50181,0.51467,0.25138,0.40738,0.1013,0.40169,0.25524,0.52757,0.53143,0.27767,0.40553,0.099278
0.27295,0.1314,0.18412,0.19733,0.21263,0.16636,0.19007,0.23569,0.061857,0.12608,0.14813,0.1396,0.10664,0.13892
0.47893,0.28949,0.51863,0.50821,0.42296,0.44313,0.30573,0.45139,0.24532,0.47546,0.44904,0.34586,0.33275,0.24928
0.30196,0.16783,0.11166,0.08491,0.13824,0.05906,0.21623,0.28696,0.12489,0.080676,0.13855,0.067418,-0.02186,0.18512
0.34986,0.18452,0.36579,0.38267,0.30008,0.32645,0.23753,0.31307,0.11236,0.31239,0.31205,0.21267,0.25446,0.18498
0.34666,0.2235,0.23112,0.24758,0.12281,0.21025,0.22193,0.33421,0.17546,0.23384,0.27504,0.062171,0.09512,0.20729
0.28635,0.1368,0.040363,0.016617,0.28729,0.12948,0.20373,0.25768,0.063747,0.021047,0.051665,0.18772,0.082137,0.17277
0.080753,-0.034257,0.07746,0.12059,-0.077609,0.11255,0.026778,0.12487,-0.073532,0.093862,0.17694,-0.11077,0.016437,-0.066672
0.27451,0.13212,0.011698,-0.011317,0.2334,0.063468,0.184,0.25901,0.089391,0.0024811,0.038142,0.13662,0.025091,0.20756
0.38867,0.2409,0.38013,0.40999,0.14087,0.27983,0.14181,0.39856,0.23017,0.3771,0.41893,0.14239,0.2011,0.16404
0.43842,0.32646,0.50323,0.48495,0.381,0.3914,0.21089,0.43199,0.30316,0.4736,0.44379,0.38768,0.42246,0.25181
0.37669,0.23234,0.49378,0.52228,0.19579,0.38808,0.076887,0.4197,0.26313,0.51814,0.54192,0.19186,0.35909,0.12703
0.062021,-0.029061,0.28481,0.31538,-0.097833,0.23915,-0.022853,0.078734,-0.048901,0.2872,0.28557,-0.097409,0.12239,-0.092595
-0.1076,-0.17312,0.064646,0.073294,-0.11467,0.13661,-0.046717,-0.1211,-0.23236,0.017491,-0.012928,-0.15331,-0.0090917,-0.16589
0.44557,0.26624,0.45933,0.47592,0.24601,0.38308,0.19261,0.46932,0.28532,0.46833,0.49009,0.21372,0.32437,0.22978
0.42691,0.27166,0.54284,0.56343,0.3058,0.44891,0.1342,0.45495,0.29946,0.54199,0.55732,0.29735,0.42609,0.18948
0.16162,0.050416,0.32117,0.35264,-0.041054,0.25339,0.027644,0.19571,0.036695,0.33844,0.36999,-0.061389,0.14483,-0.022814
0.21425,0.097111,0.39925,0.42203,0.0026985,0.29578,-0.031082,0.26115,0.15655,0.43096,0.44262,0.0021449,0.23953,0.011629
0.32617,0.21139,0.46094,0.48314,0.12917,0.35508,0.1034,0.35961,0.21778,0.48412,0.51114,0.11522,0.30519,0.12019
0.27432,0.14022,0.13397,0.10185,0.24065,0.17603,0.21376,0.23442,0.045608,0.085607,0.1236,0.14952,0.081553,0.14632
0.23207,0.019745,0.13987,0.17405,0.26547,0.27216,0.12574,0.24162,-0.041338,0.13112,0.19557,0.19159,0.20048,0.060685
0.2661,0.11403,0.083189,0.064686,0.24935,0.10285,0.21727,0.23894,0.034169,0.058272,0.096859,0.15379,0.061214,0.15334
0.18798,0.081637,0.045408,0.0045307,0.05557,-0.0391,0.17815,0.16698,0.0086894,0.019579,0.046512,-0.0087755,-0.084611,0.07903
0.32641,0.22342,0.20045,0.15007,0.46366,0.32364,0.32247,0.29924,0.15744,0.17217,0.13986,0.41198,0.28103,0.2861
0.32018,0.25387,0.2078,0.17635,0.49594,0.33879,0.27116,0.31163,0.2643,0.21136,0.13911,0.46752,0.3771,0.33216
0.19492,0.0072305,0.083756,0.11468,0.29989,0.25581,0.10515,0.20786,-0.049204,0.077324,0.13723,0.23569,0.21696,0.053976
0.13261,0.015414,0.11676,0.1318,0.12565,0.20867,0.15601,0.1305,-0.079943,0.10163,0.12669,0.072197,0.12219,0.01572
0.499,0.37383,0.57427,0.54619,0.44767,0.49304,0.27526,0.52718,0.3685,0.58103,0.56129,0.42718,0.46396,0.26472
0.54731,0.42604,0.361,0.33426,0.57768,0.39388,0.42751,0.52841,0.39377,0.38226,0.3706,0.53457,0.42622,0.47363
0.43371,0.29186,0.32256,0.28029,0.33772,0.2212,0.30231,0.41318,0.22286,0.30814,0.32412,0.29637,0.20488,0.24965
0.44258,0.333,0.53484,0.51993,0.26388,0.41444,0.21149,0.46344,0.35477,0.54153,0.54138,0.25579,0.31009,0.22044
0.38413,0.24848,0.36912,0.3162,0.27639,0.22056,0.19416,0.39312,0.23437,0.35644,0.34666,0.27063,0.20686,0.15878
0.48315,0.28279,0.35406,0.33797,0.59076,0.41398,0.32802,0.45667,0.24975,0.37092,0.34499,0.52572,0.43255,0.32082
0.33977,0.19641,0.20428,0.14938,0.2502,0.066322,0.13057,0.32052,0.16741,0.16537,0.16077,0.25192,0.1018,0.12617
0.42821,0.29002,0.46472,0.41655,0.42643,0.4071,0.25413,0.41452,0.23537,0.44957,0.39964,0.37778,0.40873,0.20123
0.33281,0.22003,0.31677,0.23615,0.19461,0.14802,0.32343,0.29265,0.1426,0.27594,0.23459,0.091756,0.054047,0.26442
0.50428,0.32815,0.38753,0.37463,0.51272,0.45611,0.3727,0.49592,0.27748,0.39305,0.40445,0.45932,0.44129,0.36798
0.48637,0.37359,0.26145,0.2451,0.58249,0.3498,0.38651,0.45256,0.34672,0.28841,0.25138,0.55795,0.39943,0.43701
0.38238,0.27869,0.1683,0.10557,0.45022,0.21409,0.40211,0.34222,0.21053,0.14595,0.11552,0.37709,0.20956,0.38468
0.47887,0.34837,0.34735,0.31984,0.53755,0.4218,0.43104,0.43794,0.27675,0.32739,0.29208,0.45372,0.37528,0.44146
0.33574,0.21152,0.20494,0.1901,0.48785,0.39129,0.34905,0.2839,0.15686,0.20306,0.13424,0.41497,0.33634,0.33062
0.53582,0.38626,0.35561,0.32146,0.57645,0.36993,0.37536,0.49184,0.34747,0.37183,0.336,0.54551,0.40589,0.41011
0.38374,0.24532,0.214,0.15294,0.43697,0.27254,0.38219,0.34861,0.17736,0.18578,0.14735,0.33787,0.21303,0.36925
0.43315,0.29356,0.28163,0.22765,0.37978,0.18898,0.24804,0.40914,0.25201,0.24195,0.22373,0.35804,0.20639,0.22448
0.47231,0.37402,0.47787,0.41472,0.40148,0.37382,0.33003,0.43574,0.34834,0.43961,0.38802,0.3571,0.3412,0.30439
0.56782,0.42661,0.64192,0.6173,0.50708,0.57101,0.36611,0.57559,0.41114,0.63283,0.60577,0.47445,0.50502,0.33221
0.57742,0.47441,0.60704,0.569,0.49607,0.53082,0.39037,0.58644,0.46324,0.6328,0.59108,0.50265,0.49496,0.39477
0.51557,0.39441,0.60058,0.56887,0.32035,0.39846,0.26102,0.51953,0.39171,0.59797,0.58116,0.28194,0.35798,0.26847
0.47917,0.36658,0.53641,0.48814,0.36291,0.4253,0.22151,0.50953,0.36994,0.5526,0.52704,0.37668,0.39282,0.2402
0.47906,0.38144,0.46199,0.38193,0.38754,0.33307,0.34158,0.46593,0.35971,0.42049,0.37087,0.38485,0.31927,0.28147
0.47992,0.36355,0.46372,0.38121,0.40623,0.37309,0.31839,0.44823,0.32709,0.41903,0.34734,0.39222,0.33872,0.26691
0.55659,0.47629,0.49319,0.41621,0.51678,0.4268,0.4179,0.52998,0.42866,0.45331,0.40926,0.52962,0.42309,0.36611
0.4943,0.40275,0.50195,0.42325,0.419,0.39266,0.32121,0.46219,0.3659,0.45391,0.39368,0.40112,0.34696,0.27896
0.51994,0.388,0.50556,0.45102,0.50825,0.47525,0.33426,0.50309,0.34364,0.47759,0.44875,0.49887,0.47033,0.28617
0.51812,0.35693,0.56478,0.55356,0.4793,0.51877,0.25783,0.52894,0.32706,0.56556,0.55269,0.43508,0.49951,0.2771
0.6032,0.39525,0.61612,0.61249,0.52407,0.58544,0.29676,0.62026,0.38305,0.62531,0.62886,0.48552,0.5587,0.32764
0.58691,0.39326,0.61248,0.57947,0.5571,0.58073,0.34332,0.58858,0.3423,0.60531,0.58515,0.51138,0.54207,0.33478
0.44122,0.21172,0.46137,0.44484,0.37581,0.48338,0.22938,0.44355,0.18753,0.44692,0.42383,0.35035,0.44532,0.22539
0.5264,0.36168,0.61682,0.60093,0.42223,0.51204,0.21904,0.55506,0.36462,0.62792,0.62374,0.40174,0.49539,0.2468
0.3082,0.10796,0.42679,0.4277,0.17329,0.35637,0.0032717,0.32187,0.11432,0.43471,0.41914,0.12893,0.28367,0.013515
0.44144,0.26408,0.53496,0.55014,0.30927,0.45972,0.1038,0.48865,0.28125,0.56306,0.58915,0.31724,0.45997,0.14773
0.20206,0.14284,0.17818,0.18745,0.21163,0.29671,0.11506,0.21683,0.14563,0.16793,0.19369,0.2075,0.25358,0.21075
0.55227,0.41378,0.61245,0.60043,0.49668,0.59827,0.34073,0.57401,0.39028,0.62171,0.61485,0.45547,0.59342,0.35142
0.33188,0.17807,0.47686,0.50039,0.13603,0.37563,0.030015,0.37536,0.22094,0.5074,0.52851,0.1345,0.33575,0.078659
0.39479,0.19835,0.42654,0.45146,0.35182,0.49805,0.17789,0.39815,0.18115,0.44303,0.46988,0.28421,0.45613,0.1736
0.52963,0.36594,0.55472,0.55314,0.48186,0.54174,0.2676,0.5519,0.3625,0.57356,0.5849,0.44005,0.53653,0.28949
0.43688,0.23649,0.52097,0.51628,0.34529,0.49322,0.19817,0.47151,0.21578,0.53603,0.54437,0.29276,0.4651,0.19213
0.45371,0.26706,0.53809,0.53585,0.41788,0.55994,0.25577,0.44356,0.22191,0.53317,0.49645,0.35397,0.50417,0.23911
0.38192,0.16789,0.43595,0.44663,0.35304,0.51768,0.14025,0.39758,0.16968,0.43623,0.45209,0.31936,0.44718,0.12791
-0.029275,-0.096958,0.010017,0.040574,0.036176,0.18378,-0.01653,-0.067847,-0.11196,-0.015446,-0.065788,-0.005501,0.1232,-0.032763
0.576,0.39702,0.62128,0.61129,0.46625,0.54998,0.28316,0.61162,0.40469,0.64383,0.64393,0.45414,0.53564,0.31567
0.40073,0.26172,0.52464,0.53722,0.26192,0.4355,0.096957,0.45457,0.28835,0.56573,0.58428,0.28947,0.43504,0.14015
0.11896,0.086115,0.10268,0.067744,0.22126,0.20717,0.12375,0.16571,0.1443,0.12535,0.12894,0.24997,0.19911,0.16342
0.050423,-0.10019,0.04768,0.071788,0.18974,0.28972,0.020151,0.02107,-0.1367,0.003252,-0.042547,0.13896,0.21385,-0.03052
0.27117,0.257,0.30547,0.29755,0.28603,0.36837,0.14687,0.2956,0.25997,0.28014,0.29247,0.3596,0.30734,0.15266
-0.0043889,-0.031688,-0.075311,-0.095181,0.20309,0.19411,0.11015,0.01419,-0.040985,-0.094944,-0.093292,0.20641,0.19831,0.10398
0.10511,0.11037,0.16119,0.13005,0.19977,0.30184,0.014006,0.15296,0.13148,0.14898,0.12698,0.28606,0.26373,0.024174
0.28467,0.058697,0.2367,0.28705,0.31355,0.3807,0.098892,0.31691,0.029619,0.26326,0.33503,0.23904,0.32532,0.077836
0.21174,-0.023724,0.28576,0.30321,0.21138,0.41332,0.0036306,0.21834,-0.051352,0.26669,0.28135,0.15889,0.32381,-0.033158
-0.0045377,0.037369,0.05731,0.035427,0.1337,0.17214,0.063474,-0.00078767,-0.059695,0.034309,-0.0084798,0.16666,0.19743,-0.026042
0.36473,0.23248,0.43376,0.41081,0.3236,0.44217,0.21387,0.38212,0.15606,0.40895,0.40796,0.24429,0.37912,0.15821
0.1025,0.020105,0.064998,0.097301,0.3151,0.34357,0.12993,0.10474,0.0053894,0.07909,0.053251,0.27046,0.3393,0.11178
0.40668,0.23083,0.39703,0.41128,0.42261,0.48054,0.28108,0.41681,0.2031,0.39932,0.42916,0.34902,0.42423,0.29257
0.41144,0.20595,0.37898,0.37369,0.46991,0.48023,0.22714,0.42209,0.14293,0.38211,0.39977,0.38155,0.4394,0.19707
0.47964,0.35457,0.35865,0.37883,0.6487,0.56263,0.39907,0.47902,0.32315,0.39996,0.41362,0.58662,0.58291,0.4138
0.22761,0.050678,0.20622,0.23008,0.30621,0.38476,0.15124,0.2154,0.018701,0.19626,0.21932,0.26506,0.35145,0.10336
-0.01475,-0.21314,-0.11037,-0.035547,0.069646,0.18073,-0.092226,-0.013493,-0.24328,-0.12275,-0.070499,-0.030538,0.10664,-0.1181
0.32608,0.1255,0.32851,0.34204,0.36358,0.47861,0.17371,0.35305,0.076896,0.32755,0.33994,0.26912,0.39941,0.14191
-0.027936,-0.094508,-0.046633,0.011566,0.073282,0.17514,-0.082983,-0.0097621,-0.074688,-0.022884,0.0092276,0.071751,0.19077,-0.040075
0.25301,0.048654,0.01853,0.062628,0.23213,0.14123,0.039763,0.25668,0.036557,0.027775,0.070343,0.15013,0.086692,0.10474
-0.021773,-0.096929,-0.038862,0.023893,0.085142,0.2536,-0.056833,-0.02297,-0.084818,-0.023454,-0.0060301,0.062562,0.2082,-0.0045382
0.28748,0.077507,0.23855,0.30013,0.31999,0.43049,0.054759,0.29907,0.043398,0.23586,0.28735,0.22129,0.35935,0.046644
0.4306,0.29155,0.30103,0.31444,0.60253,0.52343,0.37192,0.41957,0.25957,0.33037,0.3294,0.56061,0.53525,0.37498
0.23107,0.0054414,0.18456,0.23344,0.2862,0.36984,0.078305,0.25263,-0.025482,0.18898,0.25158,0.20375,0.29357,0.061164
0.26612,0.11422,0.2441,0.24601,0.42351,0.44527,0.21213,0.27435,0.075828,0.24744,0.21405,0.36053,0.39631,0.19817
0.10577,0.071224,0.18759,0.1655,0.17809,0.25162,0.10344,0.098465,0.047255,0.16676,0.11317,0.21535,0.22328,0.070464
0.085287,-0.011839,0.12071,0.1005,0.15146,0.20314,0.006594,0.13702,0.0074073,0.12568,0.11617,0.21848,0.18849,-0.019953
-0.12734,-0.12508,-0.07204,-0.065276,0.0054212,0.057964,-0.083464,-0.095236,-0.1554,-0.08261,-0.086897,0.008407,0.08034,-0.12786
0.12211,0.013701,-0.025542,-0.0019984,0.3145,0.19002,0.071107,0.098268,0.032932,-0.028799,-0.031899,0.28918,0.19023,0.095734
-0.12289,-0.13929,-0.2175,-0.22218,-0.038275,-0.0087801,-0.111,-0.12341,-0.15296,-0.23608,-0.18813,-0.002352,-0.030961,-0.083515
0.011624,-0.14627,-0.090492,-0.02543,0.076833,0.094273,-0.13478,0.051221,-0.17626,-0.078617,-0.0045564,0.036775,0.060935,-0.12596
0.12238,-0.032314,-0.10445,-0.059658,0.12545,0.020132,-0.021853,0.13564,-0.054298,-0.097313,-0.025893,0.0081625,-0.032045,0.032145
0.21894,0.12199,0.055822,0.068936,0.10324,0.045444,0.061528,0.24574,0.1088,0.07812,0.14207,0.011403,-0.020417,0.15084
0.10906,0.11538,0.0018145,0.030791,0.12877,0.074507,0.054728,0.095201,0.070159,0.0014546,0.058193,0.054431,0.046607,0.10897
-0.073412,-0.025623,-0.1517,-0.16887,0.070864,-0.0011153,-0.00047868,-0.071842,-0.068864,-0.14996,-0.075593,0.026977,-0.020844,0.014446
-0.088203,-0.083986,-0.027673,-0.013575,0.0027428,0.072132,-0.050635,-0.088509,-0.10063,-0.065356,-0.11471,0.0031606,0.014096,-0.085897
0.28455,0.20092,0.18755,0.15809,0.47232,0.36448,0.27379,0.28238,0.21763,0.20628,0.16487,0.44516,0.35434,0.32079
-0.024466,-0.025038,0.007642,-0.030174,0.053703,0.11966,0.073891,0.013874,-0.043972,0.014579,-0.021454,0.026094,0.10453,0.062112
0.24133,0.13138,0.071584,0.055844,0.40792,0.31163,0.17615,0.24103,0.14477,0.070162,0.084202,0.36172,0.26499,0.22226
-0.10258,-0.082686,-0.10755,-0.11355,-0.070618,0.031517,-0.10246,-0.085843,-0.099931,-0.10027,-0.084558,-0.087772,-0.023094,-0.10646
0.33559,0.24549,0.31568,0.3512,0.15519,0.28652,0.12877,0.38573,0.29253,0.33963,0.37206,0.17323,0.23185,0.20158
0.081344,0.020594,0.034135,0.0058093,0.25545,0.25443,0.12162,0.070541,0.012099,0.016991,-0.027266,0.23563,0.16838,0.09463
0.071113,-0.081378,-0.0097483,0.05236,0.26191,0.27173,0.061224,0.040157,-0.13761,-0.010736,-0.01085,0.18686,0.19881,0.026979
0.4962,0.43077,0.38273,0.34101,0.33967,0.32546,0.46045,0.49942,0.39301,0.38058,0.38264,0.28885,0.25865,0.43559
0.4404,0.346,0.36157,0.2875,0.24125,0.22244,0.38987,0.43054,0.27981,0.33335,0.33906,0.18123,0.13578,0.33486
0.32549,0.1951,0.1339,0.15343,0.33915,0.22588,0.18794,0.30245,0.13541,0.097451,0.10763,0.29368,0.24236,0.19873
0.28504,0.26547,0.26705,0.21169,0.45365,0.42472,0.29659,0.30501,0.3,0.27433,0.26043,0.498,0.42958,0.31224
0.099186,0.061637,0.10675,0.096116,0.18087,0.20137,0.03817,0.11387,0.090191,0.10248,0.12249,0.22696,0.21747,0.08604
0.58416,0.51246,0.58508,0.53212,0.51075,0.43111,0.4136,0.59081,0.4958,0.59339,0.55934,0.53237,0.42725,0.43152
0.55145,0.48336,0.56404,0.51035,0.54107,0.46027,0.47052,0.50505,0.45552,0.53406,0.46617,0.54483,0.46973,0.41205
0.57568,0.50294,0.58166,0.52248,0.54709,0.45124,0.42191,0.56158,0.47704,0.55965,0.49262,0.56273,0.47159,0.39102
0.61236,0.51682,0.57065,0.53542,0.56863,0.479,0.45876,0.59109,0.48641,0.5496,0.47308,0.58504,0.4878,0.44709
0.58233,0.53429,0.59015,0.52582,0.56458,0.46109,0.47989,0.54254,0.49885,0.55886,0.48516,0.56149,0.46028,0.44063
0.54847,0.50018,0.56255,0.49691,0.53132,0.45526,0.45408,0.50997,0.45465,0.54357,0.45217,0.52647,0.44745,0.40009
0.55121,0.50549,0.5613,0.50589,0.49456,0.45061,0.39925,0.53043,0.47619,0.5485,0.47743,0.50684,0.45765,0.38592
0.31222,0.17713,0.32409,0.36364,0.21193,0.35383,0.096941,0.36662,0.21091,0.34817,0.40044,0.21832,0.3174,0.14258
-0.02232,0.010033,0.063424,0.083546,-0.015487,0.078377,0.018941,-0.022913,-0.0031542,0.032022,0.074678,-0.053724,0.0082457,-0.0024386
0.34758,0.18302,0.47226,0.4529,0.18111,0.30138,0.10739,0.3368,0.16853,0.44165,0.42369,0.12572,0.18974,0.068951
0.25285,0.082543,0.40164,0.39419,0.1169,0.25327,0.016445,0.25017,0.092688,0.36581,0.36493,0.053845,0.14754,0.013291
0.52499,0.37829,0.46644,0.39904,0.49669,0.37289,0.32236,0.53123,0.36469,0.46254,0.42286,0.47015,0.38563,0.31541
0.59059,0.41119,0.54794,0.51481,0.50464,0.46282,0.32328,0.60083,0.3895,0.54615,0.55563,0.50022,0.46463,0.32949
0.47896,0.35009,0.40706,0.32006,0.49719,0.38051,0.3375,0.45407,0.3165,0.35622,0.29339,0.49088,0.38558,0.28938
0.41514,0.38077,0.41163,0.32696,0.41921,0.37145,0.36453,0.37431,0.36666,0.34984,0.2814,0.42908,0.3444,0.326
0.52013,0.42692,0.46134,0.47131,0.58986,0.57973,0.42706,0.51875,0.38538,0.48619,0.48555,0.54695,0.57995,0.42356
-0.12018,-0.28345,-0.13251,-0.069345,-0.029627,0.14441,-0.20115,-0.11997,-0.28987,-0.15384,-0.10935,-0.096856,0.076942,-0.22717
0.40266,0.29236,0.32197,0.33261,0.5284,0.50194,0.36476,0.40406,0.26708,0.35052,0.3562,0.45049,0.48334,0.35799
0.027766,-0.0021475,0.01085,0.021479,-0.025637,0.039972,0.070379,-0.019196,-0.065248,0.020279,-0.035004,-0.07199,-0.0056991,0.049577
0.09196,0.082527,0.075032,0.062641,0.17793,0.15665,0.16643,0.088277,0.028785,0.069702,0.042298,0.15896,0.18222,0.13837
0.41011,0.27499,0.47508,0.47592,0.29738,0.4641,0.27288,0.43385,0.23237,0.47117,0.46579,0.26824,0.36686,0.26116
0.42161,0.3078,0.32626,0.27124,0.46379,0.31042,0.31952,0.37518,0.2602,0.26944,0.2187,0.44413,0.31186,0.29492
0.33325,0.16398,0.43791,0.44096,0.20824,0.31287,0.059145,0.33915,0.20419,0.41547,0.40581,0.17199,0.26063,0.11376
0.36546,0.37149,0.41575,0.38337,0.39769,0.37068,0.4026,0.32941,0.30569,0.3765,0.27497,0.36797,0.30785,0.31594
0.47886,0.41189,0.51066,0.44302,0.422,0.42011,0.36172,0.43066,0.38152,0.47279,0.40785,0.4347,0.39408,0.31471
0.45352,0.30652,0.5616,0.55433,0.35031,0.45048,0.17292,0.49302,0.33068,0.56541,0.56149,0.34524,0.39943,0.18686
0.48493,0.3242,0.57687,0.56469,0.38657,0.45645,0.24118,0.48908,0.31804,0.55282,0.53605,0.34843,0.38007,0.21403
0.11617,0.014403,0.18439,0.23635,-0.10917,0.13915,-0.03461,0.18776,0.039181,0.22722,0.30156,-0.1054,0.065949,-0.032297
0.56381,0.36107,0.59284,0.57822,0.48697,0.55012,0.27698,0.57909,0.3546,0.61575,0.6081,0.45033,0.53541,0.31633
0.46034,0.27877,0.50595,0.49598,0.42926,0.52547,0.27669,0.46661,0.2361,0.49959,0.48001,0.40557,0.49698,0.23958
0.30823,0.14551,0.36053,0.35056,0.33543,0.42114,0.21365,0.31044,0.092535,0.36376,0.31256,0.26853,0.38048,0.17168
0.44362,0.18975,0.48738,0.48803,0.39812,0.53682,0.18806,0.45415,0.16803,0.4886,0.47433,0.35831,0.50426,0.16936
0.27666,0.14891,0.40725,0.42693,0.20974,0.34054,0.061209,0.33358,0.19035,0.43978,0.43296,0.18643,0.3304,0.066632
0.41877,0.33041,0.47759,0.43687,0.32179,0.43322,0.41204,0.35796,0.26123,0.45138,0.39081,0.26932,0.27666,0.32634
0.24543,0.16405,0.42946,0.37755,0.06007,0.27814,0.16856,0.22388,0.12332,0.39251,0.35575,0.0097377,0.098208,0.087559
0.050515,0.018539,0.090431,0.080082,0.19607,0.19664,0.095496,0.027955,-0.0014953,0.084657,0.015013,0.15933,0.16994,0.096248
0.13676,0.025322,0.15366,0.18541,0.18848,0.30636,0.072205,0.12585,0.010526,0.17347,0.13344,0.18752,0.22368,0.069774
0.36183,0.18488,0.14682,0.14614,0.34296,0.1226,0.12124,0.38281,0.1795,0.16931,0.23854,0.33206,0.21845,0.17894
0.28789,0.24411,0.29041,0.23682,0.43798,0.35342,0.32593,0.30607,0.24522,0.26801,0.21784,0.4166,0.40833,0.27365
0.30488,0.26606,0.33182,0.27884,0.40559,0.32849,0.32826,0.3015,0.23041,0.29594,0.2317,0.36813,0.31028,0.23098
0.348,0.30524,0.373,0.31744,0.41156,0.34929,0.35243,0.33681,0.25312,0.31817,0.26891,0.40509,0.33881,0.25653
0.38556,0.19491,0.39469,0.39285,0.33897,0.32352,0.20497,0.36245,0.17858,0.32308,0.31505,0.29505,0.28713,0.14539
0.45654,0.36021,0.46521,0.4103,0.42777,0.40195,0.37923,0.43608,0.31957,0.40464,0.36662,0.40352,0.35385,0.31204
0.30998,0.21377,0.18744,0.094909,0.21323,0.037657,0.28967,0.27539,0.14202,0.14158,0.12866,0.13796,0.012964,0.23886
0.068745,-0.0022358,0.040824,0.04711,0.20869,0.201,0.05669,0.088843,-0.0016117,0.063996,0.065778,0.24345,0.24615,0.04622
-0.0076121,-0.044804,-0.026712,-0.015044,0.14271,0.19924,-0.040344,-0.0087675,-0.083996,0.00020342,-0.035835,0.174,0.22037,-0.065236
0.44636,0.33373,0.57337,0.55309,0.18473,0.36827,0.2106,0.45489,0.34931,0.55573,0.55647,0.15958,0.23916,0.20091
0.4718,0.37025,0.2784,0.26636,0.59956,0.42023,0.42757,0.42739,0.32074,0.29256,0.24812,0.54044,0.41953,0.46292
0.46898,0.4054,0.38619,0.31258,0.44557,0.342,0.34877,0.45096,0.38749,0.34571,0.30237,0.47155,0.36275,0.30683
0.47148,0.43023,0.41353,0.3206,0.47058,0.3439,0.39766,0.46336,0.4042,0.35611,0.30843,0.48463,0.34996,0.32582
0.48991,0.28472,0.5239,0.53362,0.43099,0.50998,0.21622,0.51371,0.2872,0.53794,0.55015,0.40809,0.51578,0.2555
0.15955,-0.077768,0.018059,0.11097,0.21219,0.2777,-0.030582,0.18457,-0.10184,0.018486,0.11553,0.11688,0.20958,-0.026521
0.42361,0.26841,0.42483,0.40466,0.37036,0.3697,0.18252,0.42147,0.26463,0.42866,0.41926,0.41461,0.42103,0.12655
0.19636,0.14023,0.067152,-0.0149,0.14513,-0.046705,0.24499,0.13964,0.031334,-0.0080013,-0.018751,0.039847,-0.09202,0.15994
0.085028,-0.040825,0.27565,0.26735,-0.08442,0.22205,-0.085231,0.10783,-0.040276,0.25243,0.25346,-0.088068,0.11728,-0.11904
0.53587,0.35255,0.40383,0.36551,0.5744,0.42002,0.364,0.50689,0.31384,0.38173,0.35052,0.53047,0.41184,0.3487
0.60361,0.44125,0.59434,0.59872,0.59158,0.62,0.36766,0.6092,0.39986,0.61432,0.61826,0.55554,0.61994,0.37343
0.081018,0.0019548,-0.045886,-0.023246,0.28677,0.27273,0.10276,0.11454,-0.019919,-0.05062,-0.029521,0.25704,0.28549,0.1167
0.39825,0.30466,0.29159,0.31902,0.60295,0.5475,0.40868,0.36959,0.26794,0.31651,0.29516,0.53903,0.55426,0.43043
0.18584,0.062843,0.10334,0.14322,0.21244,0.2155,0.088285,0.15434,-0.021825,0.10806,0.13345,0.097617,0.16239,0.064467
0.066827,0.037295,0.15146,0.14315,0.20632,0.32763,0.14283,0.037524,-0.0077624,0.15169,0.069389,0.22202,0.28169,0.086094
0.36698,0.24081,0.28975,0.26221,0.36832,0.31302,0.23414,0.34501,0.23081,0.26895,0.24836,0.3588,0.32114,0.19648
0.019529,-0.0061297,0.024803,0.016535,0.19117,0.21494,0.069853,0.029566,-0.06321,0.046484,0.022621,0.2103,0.25947,-0.0053395
0.53258,0.3839,0.54945,0.54668,0.51699,0.59705,0.32986,0.54764,0.33893,0.56114,0.55982,0.46708,0.5796,0.31953
0.4121,0.32381,0.38325,0.34464,0.42642,0.36942,0.32135,0.37863,0.2949,0.35666,0.28712,0.40555,0.29824,0.24322
0.3133,0.23315,0.49113,0.47759,0.099647,0.28252,0.080353,0.31945,0.26257,0.4818,0.46283,0.090223,0.19967,0.10196
0.49492,0.34879,0.38605,0.34179,0.57297,0.40212,0.36662,0.43251,0.27329,0.37987,0.31853,0.53574,0.43998,0.32415
0.16597,0.16008,0.12174,0.028704,0.082333,0.010044,0.27379,0.11975,0.06692,0.074392,0.028094,0.034351,-0.072781,0.14245
0.48278,0.39584,0.62252,0.56818,0.29642,0.43649,0.32051,0.48636,0.39677,0.59628,0.56304,0.27792,0.31884,0.29882
0.26702,0.17988,0.16264,0.15984,0.35277,0.34537,0.26601,0.21016,0.11,0.15914,0.11042,0.32661,0.31309,0.27314
0.52536,0.39128,0.45413,0.40174,0.57053,0.44523,0.42568,0.48616,0.34401,0.43031,0.34603,0.55083,0.4532,0.36663
0.38174,0.28429,0.2267,0.21452,0.54619,0.34041,0.36324,0.37736,0.23018,0.25104,0.24211,0.51318,0.40942,0.36268
0.50235,0.3689,0.47744,0.41723,0.51902,0.42605,0.40168,0.46883,0.33426,0.45214,0.37257,0.50137,0.40364,0.34201
0.13066,0.13452,-0.0025392,-0.014613,0.21317,0.1001,0.18272,0.098163,0.14374,-0.00371,-0.064281,0.21346,0.10601,0.21426
-0.036827,-0.019092,-0.13061,-0.11035,-0.023607,-0.045316,-0.046875,-0.068178,-0.042091,-0.12056,-0.11396,-0.0336,-0.04918,0.0018092
0.14824,0.13994,0.061888,0.022588,0.25532,0.17435,0.25764,0.10266,0.073332,0.008924,-0.028383,0.22888,0.099657,0.20428
0.066206,0.043332,-0.031262,-0.053884,0.29606,0.16074,0.12951,0.033187,-0.0044285,-0.036811,-0.066312,0.24985,0.17434,0.11248
0.56398,0.45827,0.50891,0.48903,0.59276,0.51912,0.43787,0.54145,0.4019,0.49803,0.46403,0.56762,0.49901,0.40845
0.13682,0.064427,0.10506,0.098791,0.20555,0.19387,0.062368,0.15853,0.074831,0.11721,0.092546,0.25117,0.19805,0.11051
0.33685,0.22215,0.31191,0.27136,0.4234,0.35273,0.2974,0.33232,0.2276,0.29619,0.23302,0.38491,0.34534,0.28238
0.15615,0.20837,0.17524,0.17275,0.15959,0.14115,0.13272,0.15451,0.13178,0.12406,0.11175,0.17206,0.11708,0.082208
0.22819,0.24358,0.11141,0.014065,0.26931,0.070804,0.36107,0.16752,0.13642,0.057648,-0.0098957,0.24881,0.052711,0.25018
0.17303,0.25588,0.099787,0.04396,0.23381,0.07766,0.25935,0.16622,0.14583,0.068688,0.078879,0.17082,0.072112,0.17904
0.45127,0.29299,0.36482,0.38639,0.56436,0.47378,0.30645,0.43156,0.27082,0.34404,0.32125,0.50785,0.44884,0.31347
-0.12414,-0.10782,-0.0034092,-0.023087,-0.047246,0.0068603,-0.033184,-0.13913,-0.21243,-0.081979,-0.089592,-0.11492,-0.098416,-0.18487
0.58798,0.43741,0.58433,0.55916,0.44783,0.48594,0.40767,0.57775,0.40067,0.58192,0.56545,0.39302,0.40644,0.39252
0.31616,0.30785,0.10789,0.0633,0.42636,0.20814,0.37478,0.27648,0.22842,0.11934,0.072375,0.38112,0.24241,0.37467
-0.00097835,-0.008999,0.023765,0.039097,0.12897,0.21805,0.062585,-0.023576,-0.059402,0.013568,-0.044752,0.13353,0.18241,-0.01044
0.50852,0.41591,0.57656,0.53314,0.39247,0.48468,0.39955,0.46913,0.37459,0.56401,0.52197,0.37178,0.39949,0.35466
0.12038,-0.03138,0.13939,0.15212,0.15768,0.26208,0.12457,0.11463,-0.10799,0.11368,0.12296,0.099265,0.15942,0.0058111
0.19637,0.1494,0.13039,0.15364,0.28377,0.23603,0.13245,0.14039,0.097062,0.11484,0.094644,0.25684,0.18946,0.15123
-0.051468,-0.17175,-0.09549,-0.020425,0.10723,0.21223,-0.12196,-0.013746,-0.13876,-0.063023,-0.017583,0.063826,0.22787,-0.057446
0.044825,-0.076359,0.0075739,0.05933,0.14154,0.27778,0.028531,0.048894,-0.070463,0.023649,0.048857,0.09325,0.2618,0.057649
0.38869,0.2766,0.34225,0.28098,0.25444,0.27816,0.30745,0.38205,0.17947,0.32897,0.31036,0.20632,0.19373,0.24091
0.32199,0.12868,0.10544,0.14916,0.29979,0.1896,0.14655,0.31736,0.088197,0.10157,0.19212,0.13999,0.17789,0.19165
0.42206,0.2888,0.13062,0.118,0.4867,0.19951,0.27901,0.40339,0.26684,0.14126,0.15337,0.44499,0.27057,0.36511
0.17694,0.028185,0.21346,0.20937,0.23181,0.34497,0.15929,0.17214,-0.043488,0.21387,0.19531,0.16401,0.27221,0.075165
0.38496,0.20957,0.36014,0.38867,0.42529,0.51364,0.22642,0.38258,0.15503,0.3438,0.31215,0.35024,0.44578,0.26506
0.53727,0.38558,0.63339,0.61246,0.35144,0.49003,0.28901,0.53639,0.40495,0.62302,0.6047,0.34492,0.40186,0.29786
0.33186,0.19034,0.16076,0.13401,0.1786,0.11789,0.24106,0.28787,0.12418,0.10673,0.12489,0.10326,0.023688,0.22157
0.080619,0.084278,0.1744,0.15802,0.11646,0.2532,0.15281,0.037894,0.0388,0.19057,0.094274,0.13247,0.17924,0.10444
0.37808,0.26874,0.52268,0.50694,0.23194,0.37721,0.25732,0.36507,0.22895,0.48639,0.45685,0.17254,0.23803,0.22215
0.25101,0.12011,0.044949,0.029232,0.11685,0.042296,0.17403,0.21984,0.060484,0.0066481,0.071789,0.012403,-0.034687,0.15702
-0.008367,-0.079217,-0.09203,-0.095022,0.011226,-0.026895,-0.087874,0.037159,-0.042467,-0.046305,-0.050536,0.054685,-0.021381,-0.042708
0.37798,0.36519,0.41235,0.31867,0.26113,0.25334,0.42599,0.34071,0.27799,0.36376,0.30824,0.17995,0.12787,0.32405
0.51784,0.4324,0.61096,0.56068,0.3536,0.46011,0.4243,0.49895,0.40099,0.58896,0.55631,0.30125,0.33803,0.37413
0.53155,0.51729,0.60312,0.52648,0.37356,0.40941,0.48692,0.5097,0.46996,0.57333,0.51916,0.33539,0.28386,0.42465
0.43696,0.41901,0.47777,0.38781,0.25228,0.25978,0.42726,0.41234,0.34951,0.43789,0.40107,0.19013,0.14047,0.36164
0.42211,0.38718,0.37287,0.28178,0.28846,0.19863,0.41948,0.38101,0.29001,0.31639,0.28235,0.2362,0.122,0.3319
-0.17451,-0.21769,-0.084664,-0.010036,0.050664,0.2293,-0.11836,-0.14732,-0.18585,-0.075658,-0.078601,0.10394,0.16693,-0.1307
0.47236,0.35083,0.59179,0.57279,0.2827,0.40039,0.2555,0.46717,0.34165,0.57939,0.57488,0.22056,0.30568,0.24168
0.32479,0.20428,0.25289,0.26595,0.45319,0.5194,0.37212,0.28532,0.17875,0.2658,0.22979,0.42834,0.46296,0.34416
0.44873,0.32341,0.57423,0.52564,0.27162,0.37319,0.22643,0.43534,0.29728,0.55163,0.52362,0.23367,0.29292,0.18084
0.29498,0.10545,0.35786,0.34248,0.20775,0.26578,0.10276,0.27299,0.10666,0.30075,0.28762,0.14149,0.14136,0.067809
0.50912,0.46003,0.51196,0.48861,0.487,0.57134,0.508,0.4703,0.41681,0.52239,0.45761,0.45361,0.47255,0.47257
0.085718,0.033984,0.26469,0.23499,0.06829,0.23253,0.12681,0.027552,-0.017461,0.24334,0.13809,0.020717,0.090237,0.040913
-0.083578,-0.064933,0.057579,0.016208,-0.024194,0.079569,0.043134,-0.1098,-0.13995,0.030028,-0.045294,-0.038944,-0.0055614,-0.062201
0.35947,0.31712,0.51303,0.4473,0.18513,0.31446,0.25154,0.33098,0.26044,0.46486,0.42491,0.18299,0.20998,0.14636
0.41696,0.33789,0.52701,0.47549,0.22874,0.3227,0.23759,0.39877,0.29703,0.49441,0.46395,0.2044,0.21689,0.153
0.44016,0.35393,0.2898,0.28129,0.5518,0.39435,0.3376,0.45088,0.33162,0.29759,0.32238,0.50536,0.44095,0.3543
0.18909,0.11342,0.42556,0.38913,0.01744,0.24203,0.15613,0.15107,0.061891,0.38627,0.33246,-0.005979,0.10358,0.042037
-0.15506,-0.16994,-0.018802,0.013435,-0.0933,0.17067,-0.086519,-0.16102,-0.20119,-0.038709,-0.069534,-0.086678,0.082312,-0.16872
0.13775,-0.019583,0.20662,0.26081,0.10815,0.36122,0.040115,0.11419,-0.035455,0.1767,0.15831,0.021795,0.17942,0.012797
0.67641,0.534,0.59241,0.58353,0.61596,0.58353,0.45242,0.66821,0.49497,0.59549,0.58288,0.60795,0.55993,0.47307
0.36183,0.26924,0.25179,0.23632,0.17892,0.1548,0.25721,0.34281,0.18055,0.17526,0.22376,0.074541,0.092244,0.2199
0.095109,-0.066055,0.1426,0.20618,0.13412,0.38649,-0.0023055,0.091604,-0.072969,0.11703,0.11446,0.065733,0.22287,-0.0030359
0.23607,0.13759,0.080006,0.045262,0.26377,0.13539,0.17479,0.23633,0.11623,0.078373,0.084239,0.25772,0.17964,0.18767
0.20721,0.13903,0.092894,0.071992,0.25572,0.18539,0.15009,0.20535,0.12208,0.095723,0.094111,0.2376,0.19046,0.20614
0.15956,0.068185,0.11929,0.20267,0.26894,0.35292,0.0695,0.1234,0.07294,0.13077,0.11565,0.26241,0.29358,0.10986
-0.015673,-0.090365,0.11327,0.11516,0.037327,0.22382,-0.059586,-0.048658,-0.16285,0.053224,0.020175,-0.015741,0.10868,-0.13094
-0.14717,-0.16975,0.040727,0.061066,-0.068914,0.18727,-0.12039,-0.15767,-0.20251,0.017172,-0.036081,-0.069214,0.094275,-0.176
-0.13526,-0.15194,0.086788,0.082937,-0.11534,0.13028,-0.1226,-0.15114,-0.19251,0.039636,-0.0012252,-0.12896,0.012374,-0.21165
0.55356,0.46067,0.55966,0.50398,0.5192,0.44983,0.40606,0.53295,0.44128,0.53108,0.45922,0.53408,0.4519,0.35951
0.59322,0.51165,0.61677,0.5641,0.50341,0.45874,0.43777,0.59997,0.49476,0.62284,0.57488,0.53712,0.47165,0.41903
0.57842,0.54541,0.58091,0.52321,0.57217,0.49458,0.49153,0.56294,0.49971,0.57179,0.50754,0.5832,0.5032,0.43517
-0.030675,-0.065407,0.10858,0.053684,-0.090325,0.064947,0.049572,-0.074914,-0.11117,0.036137,1.8888e-05,-0.15876,-0.10707,-0.049829
0.49841,0.41267,0.57151,0.52719,0.43273,0.44139,0.33727,0.49774,0.41768,0.57471,0.48677,0.45631,0.45214,0.34129
0.4478,0.47648,0.46063,0.38078,0.42759,0.29416,0.3742,0.4475,0.41817,0.45768,0.40488,0.42993,0.33569,0.32511
0.56734,0.43385,0.53353,0.48859,0.61395,0.5172,0.43051,0.54074,0.40645,0.51769,0.46374,0.59944,0.52888,0.40564
0.24029,0.22794,0.12819,0.025061,0.23683,0.050084,0.36814,0.18646,0.12723,0.059069,0.01538,0.1545,0.002964,0.301
0.14297,0.10097,0.096648,0.13682,0.3323,0.38934,0.25247,0.099812,0.077471,0.1058,0.055444,0.31174,0.34567,0.2412
0.49171,0.42871,0.53358,0.49778,0.43613,0.4387,0.38138,0.48262,0.40623,0.51112,0.42525,0.4486,0.41372,0.34656
0.53373,0.46107,0.52783,0.47889,0.52878,0.46238,0.44641,0.47994,0.4133,0.49968,0.40222,0.53463,0.45738,0.39313
0.36447,0.38211,0.32742,0.285,0.4565,0.45379,0.53414,0.29104,0.32581,0.31665,0.19787,0.45646,0.37513,0.4877
0.33644,0.24736,0.10745,0.097502,0.52563,0.3453,0.32394,0.31495,0.24788,0.15375,0.1404,0.47645,0.39442,0.38595
0.27727,0.29389,0.12636,0.028024,0.33322,0.085221,0.41016,0.21776,0.20695,0.079591,0.027816,0.27013,0.077492,0.35977
0.34304,0.376,0.21953,0.13743,0.41246,0.21145,0.46695,0.29558,0.32394,0.20565,0.13337,0.39348,0.21399,0.45841
0.3582,0.26747,0.28942,0.3296,0.44387,0.48376,0.39048,0.3112,0.20465,0.28988,0.26553,0.35103,0.3542,0.37605
-0.15178,-0.20493,-0.11328,-0.062237,-0.096673,0.067562,-0.21525,-0.12654,-0.20047,-0.11377,-0.099678,-0.039616,0.0455,-0.20113
0.3825,0.38671,0.21959,0.17793,0.51513,0.35497,0.47824,0.3322,0.34142,0.23494,0.15956,0.50277,0.34134,0.47444
0.34636,0.40337,0.29783,0.27279,0.48846,0.46725,0.54657,0.27984,0.33932,0.30296,0.20248,0.48072,0.40279,0.51097
0.28682,0.36004,0.17732,0.10245,0.37727,0.22352,0.49813,0.23074,0.27504,0.13809,0.08076,0.32126,0.18329,0.4422
0.24491,0.35858,0.16235,0.1038,0.38314,0.26252,0.47276,0.18871,0.29233,0.14483,0.071132,0.36262,0.22906,0.43124
0.1429,0.12319,0.20932,0.17029,0.12156,0.21035,0.26189,0.10497,0.02918,0.15102,0.13029,0.046573,0.078862,0.13364
-0.070998,-0.017403,-0.0092567,-0.0081332,0.022703,0.10464,0.043831,-0.085186,-0.053364,-0.049696,-0.068589,-0.030346,0.0054519,0.015799
0.28259,0.28137,0.21621,0.16875,0.3091,0.21209,0.40866,0.20455,0.16369,0.16864,0.0998,0.22903,0.13694,0.32262
0.3763,0.3376,0.26866,0.20151,0.41384,0.30443,0.46865,0.31438,0.22543,0.23284,0.15285,0.36102,0.23686,0.38828
0.015822,0.030422,0.080364,0.12502,0.1813,0.27035,0.072094,-0.011956,0.0072912,0.07199,0.011843,0.17781,0.28107,0.0798
0.037213,0.069544,0.1544,0.12948,0.09096,0.25199,0.10622,-0.022397,-0.0088778,0.10331,0.040483,0.078536,0.14063,0.021382
0.45736,0.36125,0.34495,0.3074,0.46437,0.38608,0.48183,0.40495,0.27002,0.32399,0.27465,0.4001,0.3365,0.41886
0.54462,0.45516,0.52893,0.50617,0.47562,0.55573,0.51358,0.48112,0.38085,0.52143,0.46187,0.41622,0.4398,0.47494
0.19019,0.025178,0.086828,0.17006,0.17955,0.30552,0.074304,0.22633,0.029948,0.12802,0.19072,0.16024,0.28125,0.11868
0.19239,0.052272,-0.021549,0.041439,0.37606,0.28578,0.15441,0.14587,-0.0055122,-0.023838,-0.0093855,0.30859,0.2757,0.18788
0.43,0.33634,0.28524,0.31772,0.53706,0.46525,0.37344,0.38153,0.26503,0.28681,0.27221,0.49633,0.42964,0.37264
0.35386,0.33809,0.2472,0.26752,0.53474,0.45817,0.40126,0.29792,0.29322,0.26256,0.20557,0.51301,0.4564,0.431
0.36584,0.33074,0.44626,0.4374,0.1943,0.35078,0.2091,0.37834,0.31759,0.44767,0.45936,0.16258,0.27448,0.19848
0.37582,0.24876,0.51028,0.48528,0.26547,0.38238,0.15845,0.38684,0.25765,0.49789,0.44897,0.25312,0.32355,0.12553
0.45639,0.33579,0.57719,0.57151,0.27015,0.42753,0.23159,0.4697,0.33738,0.58976,0.5843,0.24756,0.36372,0.22116
0.47311,0.29535,0.56585,0.53503,0.37117,0.43253,0.22768,0.46398,0.30094,0.54144,0.50195,0.31933,0.33979,0.19824
0.42425,0.30214,0.50888,0.49015,0.23859,0.33671,0.20387,0.43713,0.32952,0.46736,0.4723,0.19347,0.23663,0.22385
0.45635,0.30051,0.541,0.5223,0.25996,0.38028,0.21478,0.457,0.31372,0.51069,0.51316,0.1997,0.251,0.22238
0.51418,0.36395,0.53897,0.51624,0.47641,0.48214,0.33171,0.51441,0.32281,0.52095,0.49126,0.44174,0.43639,0.30817
0.54263,0.48209,0.59505,0.56483,0.40148,0.44335,0.37459,0.52979,0.46655,0.59469,0.5575,0.38339,0.38907,0.37734
0.49984,0.4238,0.57936,0.56565,0.2913,0.42347,0.26767,0.54161,0.47082,0.59976,0.60529,0.27563,0.33478,0.30888
0.55233,0.40842,0.615,0.60779,0.42448,0.50991,0.30576,0.55851,0.39866,0.63461,0.61457,0.39566,0.45892,0.31757
0.51872,0.43782,0.44504,0.40619,0.32284,0.32044,0.33308,0.5235,0.40854,0.43596,0.44339,0.27798,0.24646,0.33665
0.48016,0.30854,0.54658,0.52875,0.35977,0.4111,0.25471,0.44798,0.26536,0.52506,0.48617,0.31046,0.33066,0.19879
0.49234,0.42252,0.52417,0.46665,0.44518,0.42835,0.37609,0.47931,0.40099,0.51752,0.44571,0.45346,0.38369,0.33113
0.5166,0.39502,0.58459,0.53984,0.39904,0.42541,0.33172,0.49909,0.38374,0.57262,0.52607,0.40188,0.3871,0.29854
0.53878,0.41911,0.56822,0.55006,0.2759,0.40606,0.2825,0.5475,0.42079,0.56035,0.57117,0.24851,0.31372,0.29556
0.4961,0.38174,0.50714,0.44357,0.49006,0.43048,0.37171,0.4686,0.3447,0.48403,0.41008,0.47176,0.37345,0.33629
0.46253,0.35924,0.52189,0.47577,0.40472,0.43712,0.32008,0.46796,0.34226,0.51205,0.43763,0.38283,0.38233,0.2774
0.46986,0.34865,0.54608,0.53082,0.29822,0.39142,0.2399,0.46079,0.34873,0.53354,0.51527,0.24278,0.26817,0.25815
0.33944,0.22119,0.39744,0.37783,0.22527,0.25807,0.14646,0.32366,0.22076,0.32958,0.32506,0.17644,0.14695,0.14279
0.42111,0.28638,0.53063,0.49788,0.32898,0.38313,0.21951,0.40643,0.26048,0.497,0.44472,0.27264,0.27738,0.18972
0.42642,0.35555,0.54503,0.53188,0.28324,0.40589,0.23431,0.45471,0.40092,0.52917,0.5435,0.24921,0.30538,0.24856
0.43478,0.34361,0.49146,0.45722,0.31204,0.33937,0.24547,0.42076,0.3397,0.44058,0.42356,0.25425,0.21159,0.24661
0.50691,0.38799,0.54137,0.48567,0.3619,0.37545,0.30999,0.51807,0.39209,0.53108,0.48625,0.33879,0.32531,0.30279
0.31657,0.23019,0.19268,0.11443,0.2417,0.070547,0.27296,0.3422,0.17091,0.18925,0.16676,0.20557,0.10383,0.25377
0.40592,0.34493,0.24312,0.18662,0.44723,0.19848,0.36687,0.40137,0.30234,0.26665,0.22676,0.43316,0.28538,0.36036
0.5988,0.5099,0.58323,0.53816,0.52256,0.52435,0.53498,0.59233,0.47514,0.6108,0.54352,0.53179,0.5161,0.51164
0.50755,0.43858,0.43539,0.362,0.35574,0.24208,0.40544,0.5218,0.4146,0.44327,0.41602,0.33404,0.25139,0.38598
0.45181,0.38678,0.27526,0.21051,0.39939,0.16473,0.37589,0.46173,0.34509,0.28909,0.27679,0.37906,0.22161,0.38482
0.42394,0.29886,0.55695,0.52196,0.28264,0.40431,0.15676,0.46792,0.33454,0.56437,0.54258,0.27107,0.35182,0.16537
0.23444,0.050937,0.1402,0.18666,0.27391,0.31179,0.10055,0.27581,0.041171,0.1638,0.17798,0.27324,0.33896,0.10973
0.37952,0.32102,0.51607,0.45701,0.25714,0.32774,0.22121,0.37785,0.29678,0.49931,0.4439,0.22906,0.22878,0.16906
0.40113,0.30688,0.3559,0.33725,0.27495,0.33341,0.31556,0.39993,0.2933,0.37542,0.35977,0.30416,0.26503,0.30269
0.18318,0.12498,0.12754,0.097552,0.099546,0.067168,0.16874,0.19055,0.045108,0.10338,0.069635,0.082602,0.011064,0.12949
0.14644,0.056751,-0.042879,-0.067802,0.30135,0.01901,0.12467,0.14943,0.0061125,-0.041616,-0.065874,0.32722,0.16912,0.072616
0.092437,0.0028747,0.13025,0.13656,0.058865,0.17599,0.071676,0.12596,-0.04511,0.13639,0.11125,0.051048,0.089621,-0.00031876
0.38249,0.27039,0.29598,0.2672,0.25039,0.19847,0.30365,0.38727,0.2194,0.29108,0.26543,0.18332,0.10041,0.27262
0.30069,0.19548,0.080537,0.034056,0.29812,0.053087,0.21301,0.32221,0.12016,0.077096,0.084637,0.26862,0.14313,0.18698
0.076531,-0.071254,0.037427,0.11737,0.1785,0.25606,-0.031265,0.12671,-0.067163,0.051816,0.11241,0.17508,0.28474,-0.037717
0.043834,-0.096993,0.074938,0.15827,0.033089,0.18848,-0.059895,0.046814,-0.11687,0.083371,0.10321,-0.0078731,0.1742,-0.0327
-0.05685,-0.16671,-0.1444,-0.14486,-0.045524,-0.093315,-0.13176,-0.010301,-0.20865,-0.13925,-0.1075,-0.058121,-0.040686,-0.17629
0.29516,0.21738,0.16615,0.12892,0.34909,0.20224,0.26713,0.31395,0.10873,0.15382,0.13363,0.31823,0.23698,0.17876
0.44915,0.36202,0.48382,0.44411,0.30281,0.36649,0.375,0.48846,0.34464,0.52713,0.4903,0.31351,0.34319,0.34839
0.48231,0.41338,0.40883,0.36767,0.37269,0.29969,0.40112,0.50807,0.34934,0.41792,0.40058,0.36428,0.31172,0.36981
0.46905,0.33932,0.4153,0.35791,0.34618,0.24625,0.22877,0.47942,0.32464,0.4119,0.39527,0.32555,0.24272,0.21121
0.54332,0.40922,0.55238,0.52985,0.47815,0.48843,0.34975,0.54743,0.3529,0.54679,0.5341,0.46357,0.46609,0.33747
0.48027,0.41531,0.31017,0.25436,0.48804,0.24984,0.41473,0.47088,0.37561,0.33633,0.291,0.48223,0.34716,0.40882
0.42771,0.24443,0.32822,0.30989,0.43195,0.36134,0.27822,0.45104,0.20165,0.35761,0.3426,0.4106,0.38857,0.24264
0.29884,0.2136,0.1564,0.14346,0.32776,0.16927,0.23602,0.33863,0.13321,0.16584,0.17309,0.31815,0.21822,0.17641
0.37873,0.24867,0.3381,0.35852,0.35343,0.38742,0.23258,0.36637,0.16354,0.31352,0.32419,0.32192,0.32507,0.13273
0.29953,0.24532,0.35263,0.33054,0.2121,0.30704,0.22965,0.29244,0.1908,0.3221,0.3167,0.18859,0.22458,0.10485
0.55693,0.48438,0.46745,0.40318,0.49621,0.33563,0.45441,0.55686,0.44263,0.48551,0.44419,0.49199,0.38111,0.43274
0.49259,0.38676,0.37836,0.28993,0.42755,0.21459,0.36186,0.49482,0.34651,0.36398,0.33562,0.39715,0.25304,0.33617
0.4668,0.41682,0.56859,0.52062,0.25628,0.36884,0.3618,0.49156,0.40808,0.58543,0.5655,0.24612,0.28764,0.32394
0.45339,0.41064,0.48227,0.42078,0.2146,0.27082,0.38784,0.47455,0.39122,0.51262,0.47394,0.22861,0.19807,0.36239
0.4421,0.32134,0.23657,0.2227,0.41138,0.2253,0.30342,0.45172,0.24534,0.24339,0.27575,0.35109,0.26086,0.29849
0.47624,0.36451,0.32239,0.29738,0.32726,0.25127,0.27933,0.46858,0.33042,0.30232,0.32718,0.25842,0.19065,0.3012
0.46519,0.34491,0.32651,0.27359,0.39477,0.27353,0.34971,0.46973,0.27717,0.30092,0.3073,0.32153,0.23222,0.32145
0.47686,0.38878,0.40905,0.37473,0.41656,0.35958,0.42551,0.48781,0.3587,0.43987,0.3955,0.40885,0.31448,0.40286
0.28705,0.19196,0.1378,0.16292,0.24979,0.17564,0.16054,0.35106,0.14104,0.16614,0.23527,0.2334,0.24973,0.16797
0.25877,0.15909,0.1609,0.1732,0.23664,0.17492,0.12475,0.32741,0.11836,0.21006,0.24092,0.24603,0.25761,0.12059
0.33055,0.30789,0.25569,0.2419,0.2495,0.20863,0.2778,0.36222,0.2664,0.30679,0.28008,0.29814,0.24363,0.26478
0.46899,0.38282,0.54854,0.51782,0.24379,0.38838,0.30459,0.50476,0.39156,0.57583,0.56222,0.20584,0.30282,0.29302
0.48235,0.38159,0.42046,0.37402,0.25236,0.23532,0.29068,0.51384,0.40261,0.42587,0.43212,0.23427,0.17517,0.31926
0.47526,0.37677,0.6035,0.57494,0.24254,0.43038,0.26683,0.49345,0.40442,0.62026,0.59731,0.22715,0.33281,0.27606
0.40005,0.331,0.47419,0.47741,0.3127,0.48164,0.23568,0.42841,0.32879,0.50051,0.50053,0.36075,0.44161,0.19113
0.22639,0.16794,0.29676,0.33885,0.30057,0.4519,0.16544,0.2355,0.1705,0.28775,0.30286,0.30471,0.4613,0.1314
0.44004,0.34639,0.3831,0.36467,0.21253,0.21434,0.20729,0.4792,0.34496,0.38631,0.41562,0.19507,0.18179,0.2275
0.11885,0.10738,0.25492,0.29564,0.054579,0.305,0.0079504,0.17316,0.10194,0.2844,0.30092,0.13598,0.28093,-0.056818
0.45927,0.37056,0.43006,0.42608,0.21957,0.30087,0.23611,0.50696,0.37764,0.4782,0.49691,0.25333,0.27651,0.26563
0.46841,0.35845,0.40794,0.4214,0.40206,0.41713,0.35653,0.49473,0.33862,0.43481,0.44404,0.315,0.39361,0.34173
0.35273,0.25063,0.41392,0.41555,0.23332,0.35555,0.22301,0.40193,0.25213,0.4431,0.42976,0.19468,0.32043,0.19027
0.32818,0.28121,0.35647,0.38819,0.25433,0.43614,0.26208,0.34945,0.28372,0.41055,0.41294,0.32018,0.39546,0.26485
0.5086,0.42716,0.48722,0.53577,0.51076,0.5905,0.4,0.51317,0.40914,0.54005,0.5344,0.53418,0.57323,0.39935
0.075871,0.015839,0.11926,0.16086,0.27605,0.36554,0.049953,0.11792,0.037645,0.13539,0.13096,0.31803,0.39688,0.079081
0.42903,0.3262,0.57997,0.57955,0.23727,0.42938,0.16156,0.4576,0.3481,0.60533,0.60916,0.23396,0.382,0.17597
0.45162,0.347,0.5491,0.55289,0.33619,0.45857,0.21076,0.48207,0.38865,0.54945,0.54724,0.29659,0.39726,0.22953
0.49479,0.3545,0.57826,0.56278,0.45271,0.53816,0.2905,0.48185,0.32567,0.56526,0.52142,0.43352,0.49971,0.28209
0.50456,0.36508,0.54973,0.53394,0.40195,0.46762,0.28559,0.50328,0.37425,0.54155,0.53326,0.35556,0.38531,0.26247
0.51281,0.32083,0.55653,0.53391,0.44374,0.50359,0.27373,0.49672,0.30626,0.53362,0.5198,0.38831,0.42567,0.25659
0.48625,0.36614,0.53306,0.50018,0.32627,0.39934,0.38775,0.47658,0.34156,0.53628,0.47945,0.2596,0.30511,0.37052
0.45427,0.37742,0.57059,0.54637,0.22911,0.36943,0.2571,0.46161,0.38334,0.56404,0.53799,0.17945,0.24789,0.24688
0.36554,0.28826,0.25231,0.2206,0.25664,0.17437,0.368,0.34963,0.21597,0.24119,0.20144,0.16737,0.11154,0.34577
0.20093,0.21895,0.20157,0.18419,0.11467,0.12042,0.24104,0.18534,0.15889,0.178,0.13712,0.065926,0.030778,0.17862
0.56511,0.42592,0.6312,0.60473,0.48619,0.54572,0.37001,0.56256,0.40941,0.62782,0.59547,0.44921,0.49217,0.34565
0.49166,0.4146,0.5973,0.55837,0.35182,0.44671,0.30634,0.50253,0.41649,0.58816,0.56933,0.3131,0.36381,0.31671
0.14951,0.20497,0.11204,0.12304,0.24484,0.27145,0.25521,0.17369,0.22471,0.21512,0.16068,0.25816,0.32154,0.32085
0.21557,0.12668,0.057016,0.05268,0.17599,0.042269,0.17999,0.21434,0.063854,0.071156,0.046048,0.11563,0.044733,0.18208
0.2905,0.14631,0.26718,0.32753,0.2975,0.41299,0.1258,0.34035,0.12905,0.30674,0.3387,0.2917,0.42039,0.13235
0.21066,0.096395,0.016178,0.064938,0.23081,0.13016,0.1462,0.25183,0.037919,0.065708,0.097315,0.17291,0.20737,0.17553
0.49312,0.41714,0.37172,0.39515,0.59053,0.49443,0.41166,0.48225,0.39661,0.41929,0.41054,0.59656,0.55242,0.4445
0.34514,0.25441,0.22813,0.26436,0.5611,0.46809,0.31977,0.34246,0.25672,0.26127,0.26933,0.52119,0.52267,0.34388
0.13713,0.076405,-0.0075346,0.010525,0.44482,0.29042,0.2184,0.10998,0.077161,0.013408,-0.037714,0.42493,0.34897,0.24976
-0.0091026,-0.016931,-0.041458,-0.073109,0.098302,0.042011,0.10293,0.055507,0.023289,0.0041989,-0.0045824,0.12411,0.14118,0.14616
0.14772,0.013418,0.15859,0.22577,0.23556,0.38053,0.10028,0.1759,0.006723,0.1801,0.2088,0.19642,0.37634,0.11451
0.3353,0.25219,0.28738,0.31667,0.42716,0.46596,0.28474,0.36747,0.23357,0.31499,0.34333,0.424,0.49023,0.28086
0.3833,0.22404,0.34895,0.37575,0.37412,0.447,0.35001,0.37609,0.21677,0.39384,0.34708,0.30911,0.39723,0.32082
0.53474,0.40441,0.55787,0.51589,0.32621,0.4068,0.35277,0.54437,0.39071,0.57016,0.54357,0.26175,0.29563,0.32623
0.54358,0.41487,0.60859,0.58371,0.45484,0.52301,0.30207,0.56657,0.41423,0.61493,0.59897,0.44273,0.49025,0.31568
0.15572,0.10126,0.13874,0.14016,0.24052,0.26649,0.12709,0.18445,0.066259,0.17306,0.14138,0.25401,0.33308,0.15229
0.26943,0.15878,0.29939,0.33649,0.35338,0.50312,0.29937,0.26944,0.12857,0.33275,0.30367,0.38338,0.45067,0.24578
0.51928,0.37987,0.56769,0.53634,0.41545,0.46009,0.30672,0.53347,0.37656,0.55861,0.5423,0.37606,0.37981,0.25697
0.41659,0.3066,0.48681,0.48013,0.33127,0.49366,0.29326,0.45683,0.33425,0.5254,0.51761,0.35589,0.48866,0.28733
0.44906,0.32554,0.34589,0.36508,0.4062,0.38356,0.35667,0.46264,0.27816,0.36181,0.36146,0.28662,0.34887,0.32895
0.53283,0.44254,0.55052,0.52838,0.45063,0.53459,0.44738,0.53455,0.43729,0.57296,0.53581,0.40458,0.44809,0.3995
0.4388,0.29461,0.55791,0.56018,0.27717,0.4853,0.14444,0.47889,0.31756,0.5856,0.59484,0.29895,0.41509,0.16096
0.49775,0.37844,0.57972,0.56076,0.30651,0.49244,0.3026,0.53526,0.41444,0.60765,0.60238,0.33172,0.42796,0.30057
0.18086,0.16724,0.080832,0.082469,0.32944,0.22306,0.31049,0.13512,0.14199,0.069683,-0.017413,0.33344,0.23739,0.33656
0.51282,0.40232,0.45322,0.45538,0.57393,0.53556,0.44947,0.50412,0.3905,0.51523,0.46255,0.58859,0.57331,0.46041
0.32487,0.21238,0.39322,0.4073,0.43071,0.46961,0.24344,0.33967,0.22363,0.41535,0.3702,0.44541,0.48241,0.28611
0.49006,0.39715,0.58275,0.56943,0.36984,0.46583,0.26805,0.51088,0.40598,0.59246,0.58182,0.39731,0.46747,0.26865
0.4609,0.38901,0.42941,0.37622,0.33765,0.27237,0.40153,0.47387,0.37108,0.4628,0.4176,0.33189,0.27057,0.39174
0.45489,0.4295,0.55035,0.49891,0.22693,0.34865,0.2945,0.47656,0.44697,0.58131,0.53529,0.28232,0.32493,0.29864
0.49422,0.40309,0.44274,0.40706,0.40341,0.3178,0.32023,0.52226,0.40515,0.47478,0.47375,0.41807,0.34787,0.34131
0.4063,0.28419,0.46105,0.44481,0.40879,0.45404,0.236,0.40406,0.27466,0.46688,0.45149,0.3903,0.4569,0.2428
0.43035,0.39283,0.56377,0.51858,0.21441,0.34162,0.27005,0.47188,0.41757,0.58092,0.5493,0.26661,0.32849,0.27766
0.5216,0.39486,0.57249,0.56007,0.43912,0.53108,0.29602,0.52164,0.35681,0.57282,0.55186,0.42956,0.46446,0.26559
0.36477,0.19959,0.37032,0.40721,0.32096,0.435,0.16828,0.38614,0.18854,0.39086,0.41059,0.30097,0.37222,0.23302
0.38532,0.23773,0.44773,0.42,0.2603,0.35831,0.26167,0.40186,0.2481,0.47973,0.43457,0.19994,0.27074,0.24486
0.46159,0.30863,0.27562,0.24809,0.46174,0.28294,0.30187,0.48359,0.30059,0.29914,0.29555,0.4339,0.32976,0.35601
0.45328,0.27663,0.2985,0.28822,0.52923,0.44147,0.36938,0.44929,0.26796,0.32673,0.27968,0.48488,0.44668,0.39982
0.57932,0.43808,0.48047,0.45464,0.62761,0.5479,0.48034,0.56504,0.41472,0.49531,0.45168,0.60781,0.56185,0.48644
0.50406,0.36151,0.44373,0.40006,0.36124,0.30282,0.34582,0.50848,0.37447,0.45916,0.43978,0.32264,0.26887,0.37384
0.29484,0.20351,0.19775,0.17599,0.37742,0.20257,0.15585,0.28006,0.16841,0.19178,0.23607,0.39753,0.267,0.11502
0.40275,0.2358,0.3018,0.29276,0.5461,0.41342,0.24337,0.38989,0.24515,0.311,0.33083,0.55813,0.43456,0.24306
0.44882,0.35975,0.33081,0.32428,0.61576,0.45291,0.34694,0.43059,0.33919,0.32348,0.32018,0.63225,0.51175,0.36345
0.34624,0.27244,0.30919,0.30726,0.47283,0.44312,0.29135,0.33289,0.20673,0.29781,0.26751,0.52612,0.47854,0.23081
0.36482,0.31017,0.26811,0.26822,0.50199,0.41204,0.32095,0.34515,0.30448,0.27083,0.26899,0.53467,0.46254,0.33985
0.1515,0.1216,0.077221,0.032972,0.30424,0.13292,0.084735,0.1408,0.057129,0.072719,0.088728,0.31398,0.18579,0.062587
0.52727,0.41878,0.44943,0.40911,0.59626,0.50763,0.44841,0.53995,0.36773,0.45299,0.43677,0.59821,0.49721,0.40764
0.55002,0.41862,0.50095,0.46147,0.52666,0.44182,0.41942,0.5132,0.35747,0.49032,0.43139,0.5329,0.45223,0.34793
0.59746,0.51628,0.56231,0.50933,0.53362,0.43833,0.49415,0.58528,0.48184,0.57461,0.52072,0.56715,0.48018,0.47183
0.55007,0.37279,0.48865,0.46813,0.53754,0.47592,0.38958,0.50925,0.31913,0.47813,0.43103,0.52579,0.46884,0.32821
0.57867,0.37277,0.46938,0.44821,0.55552,0.43268,0.32737,0.55779,0.3433,0.4534,0.42093,0.54007,0.45163,0.30485
0.54681,0.34618,0.46547,0.43751,0.5789,0.48487,0.38661,0.50601,0.29905,0.46356,0.40023,0.53081,0.48559,0.33056
0.55281,0.35949,0.50018,0.47115,0.52935,0.46008,0.3698,0.51752,0.32633,0.48671,0.43537,0.49339,0.45116,0.32005
0.52351,0.38296,0.46428,0.40899,0.50761,0.40651,0.38669,0.49116,0.33361,0.44384,0.37384,0.48863,0.39749,0.32239
0.60101,0.4799,0.57667,0.53551,0.56708,0.49126,0.47298,0.57523,0.43669,0.57373,0.51135,0.58111,0.5084,0.42282
0.5307,0.3851,0.48164,0.44757,0.49405,0.43134,0.39973,0.49249,0.33481,0.47763,0.42299,0.50518,0.4428,0.3356
0.50324,0.39923,0.42432,0.36708,0.49861,0.35571,0.39598,0.45543,0.34114,0.39716,0.33887,0.50674,0.37763,0.31907
0.55727,0.50759,0.53019,0.45755,0.50716,0.38544,0.4693,0.54296,0.47944,0.52225,0.45626,0.53708,0.41191,0.42199
0.61292,0.50358,0.58713,0.5423,0.57945,0.48725,0.48432,0.59911,0.46802,0.58555,0.53398,0.59285,0.51047,0.45401
0.49185,0.35238,0.42237,0.38242,0.48685,0.38432,0.333,0.4518,0.29938,0.405,0.36862,0.48178,0.38711,0.27836
0.4153,0.26498,0.21917,0.16456,0.45446,0.27362,0.38514,0.36698,0.19499,0.18781,0.1499,0.41571,0.27169,0.31813
0.50269,0.29386,0.43485,0.39169,0.4259,0.36824,0.33735,0.50296,0.262,0.42761,0.41235,0.34588,0.32457,0.31497
0.41665,0.25464,0.24931,0.21194,0.43487,0.297,0.35364,0.37862,0.18591,0.23649,0.20298,0.35964,0.29656,0.30108
0.23499,0.15666,0.12938,0.06878,0.30487,0.13998,0.23787,0.16116,0.092217,0.093954,0.022432,0.27692,0.12741,0.17578
0.45382,0.28819,0.33865,0.3125,0.55821,0.36272,0.2869,0.44039,0.25892,0.35697,0.33589,0.54057,0.43383,0.29077
0.47858,0.27792,0.3273,0.29883,0.50885,0.4161,0.37185,0.45175,0.24001,0.33256,0.2891,0.45067,0.37946,0.35755
0.41819,0.21999,0.24112,0.23428,0.43978,0.2484,0.16621,0.39937,0.22175,0.2534,0.25867,0.42868,0.31222,0.19508
0.37014,0.2622,0.21109,0.15099,0.4323,0.26044,0.35241,0.30254,0.18827,0.18055,0.11928,0.42674,0.27661,0.26804
0.5501,0.35877,0.4029,0.35661,0.56573,0.39834,0.36539,0.53204,0.30347,0.40355,0.37429,0.53011,0.4105,0.3558
0.42466,0.30933,0.27804,0.21231,0.46049,0.27739,0.36182,0.37013,0.24394,0.24538,0.20334,0.45343,0.29456,0.28379
0.49412,0.35465,0.35446,0.3114,0.51897,0.40277,0.43624,0.43753,0.28447,0.34096,0.28237,0.49641,0.4185,0.36752
0.47407,0.38403,0.4165,0.34109,0.46686,0.3368,0.38998,0.42697,0.33143,0.38493,0.30996,0.4828,0.35105,0.30948
0.49658,0.37031,0.41767,0.36508,0.51537,0.39593,0.42106,0.46106,0.31206,0.40426,0.32047,0.50104,0.40533,0.36131
0.40441,0.29352,0.37411,0.3169,0.42254,0.33598,0.34915,0.35599,0.21895,0.3412,0.27912,0.43039,0.34988,0.23947
0.36599,0.25186,0.32519,0.25032,0.36614,0.25794,0.28974,0.31605,0.20639,0.29207,0.19346,0.36313,0.26304,0.19212
0.42737,0.28701,0.39214,0.34203,0.46068,0.36664,0.31997,0.39169,0.22312,0.38188,0.32108,0.46951,0.4027,0.24075
0.52304,0.31229,0.41081,0.40057,0.528,0.40437,0.297,0.51741,0.26873,0.39821,0.40767,0.50161,0.42843,0.30193
0.51385,0.4058,0.4889,0.42219,0.48575,0.39885,0.43064,0.48386,0.35248,0.47233,0.39795,0.49792,0.41437,0.34706
0.48877,0.42987,0.44522,0.35762,0.40728,0.25794,0.38298,0.45109,0.37763,0.42126,0.33704,0.42795,0.29088,0.30058
0.51784,0.3701,0.45523,0.41191,0.54872,0.45458,0.39184,0.49701,0.28474,0.459,0.42595,0.54732,0.48669,0.32082
0.37424,0.27172,0.23652,0.20019,0.46711,0.35147,0.41414,0.31276,0.21126,0.21394,0.1171,0.44468,0.35543,0.34305
0.57705,0.47184,0.52291,0.48422,0.50559,0.49616,0.42928,0.53783,0.41009,0.5224,0.46033,0.49952,0.44171,0.41764
0.58376,0.45136,0.5467,0.51957,0.52413,0.48225,0.4013,0.54636,0.38925,0.53478,0.47147,0.52346,0.45317,0.37678
0.49533,0.44442,0.48847,0.41505,0.48438,0.4013,0.454,0.44906,0.41246,0.47489,0.36879,0.5075,0.39676,0.38829
0.47218,0.39095,0.3996,0.34632,0.506,0.41604,0.43166,0.41304,0.31178,0.37539,0.26424,0.49763,0.40297,0.3614
0.44041,0.37027,0.3828,0.31837,0.43694,0.33435,0.39467,0.37756,0.31642,0.35141,0.26888,0.44906,0.32562,0.31048
0.49026,0.42872,0.47796,0.41796,0.45886,0.39999,0.41722,0.4463,0.39852,0.47677,0.37656,0.50909,0.41294,0.3558
0.52323,0.43256,0.54592,0.48993,0.45077,0.42717,0.3677,0.48831,0.40893,0.53882,0.4617,0.48564,0.43529,0.33552
0.47193,0.41747,0.52855,0.47854,0.4158,0.38819,0.35714,0.43859,0.37609,0.51486,0.42223,0.45089,0.40558,0.30759
0.44948,0.35474,0.44036,0.39382,0.40647,0.34923,0.27863,0.41222,0.32447,0.42652,0.34261,0.457,0.37446,0.24466
0.40614,0.28069,0.35042,0.32892,0.36318,0.24504,0.15298,0.43649,0.28891,0.39503,0.41091,0.4,0.32642,0.216
0.44436,0.36656,0.45791,0.40202,0.43042,0.36703,0.35376,0.39638,0.30894,0.43418,0.3429,0.44025,0.37355,0.26244
0.47929,0.34032,0.33076,0.30071,0.36329,0.28871,0.3256,0.45645,0.3029,0.3143,0.30366,0.34064,0.2235,0.34619
0.45073,0.3783,0.4348,0.3785,0.4458,0.35569,0.40585,0.41573,0.32394,0.40837,0.32315,0.44801,0.37958,0.32991
0.51333,0.36003,0.51806,0.49444,0.42774,0.42357,0.24584,0.51591,0.3643,0.52579,0.51822,0.4679,0.4331,0.25199
0.57315,0.51303,0.57664,0.50613,0.50923,0.42314,0.46747,0.57051,0.50685,0.58177,0.52535,0.53537,0.44535,0.44322
0.45562,0.32936,0.4613,0.45613,0.24952,0.33136,0.23036,0.49119,0.31536,0.491,0.51951,0.25123,0.3025,0.24247
0.5132,0.32959,0.42856,0.41225,0.44968,0.35535,0.23944,0.49133,0.2997,0.41605,0.3896,0.46065,0.35686,0.24619
0.38298,0.26374,0.1773,0.15861,0.4397,0.19376,0.24264,0.39995,0.25473,0.22568,0.2195,0.44451,0.30172,0.31353
0.52741,0.35611,0.51582,0.4824,0.5187,0.46473,0.31329,0.51992,0.33788,0.5173,0.48352,0.53493,0.48193,0.28417
0.58777,0.44307,0.52437,0.49803,0.63527,0.55773,0.43894,0.58117,0.42232,0.5333,0.50826,0.63939,0.57291,0.43427
0.56921,0.44358,0.61855,0.59306,0.50462,0.5624,0.39798,0.55092,0.4263,0.60907,0.56403,0.51136,0.50975,0.37374
0.48507,0.37612,0.46898,0.45364,0.31692,0.34293,0.24441,0.4904,0.35449,0.45474,0.47167,0.32204,0.31231,0.26434
0.58289,0.44247,0.5506,0.5371,0.45563,0.47595,0.39544,0.56682,0.40423,0.52534,0.51617,0.43333,0.42826,0.38136
0.53678,0.48558,0.54041,0.47733,0.45408,0.42944,0.47964,0.49146,0.41511,0.5159,0.4353,0.45936,0.43347,0.39987
0.46167,0.40653,0.5175,0.45279,0.4846,0.45019,0.33386,0.47104,0.37481,0.49441,0.44919,0.5399,0.46829,0.281
0.13793,0.059327,0.1096,0.1254,0.13668,0.099127,0.012111,0.11511,0.060867,0.078941,0.1321,0.10375,0.11306,0.027254
0.33143,0.26256,0.31176,0.28814,0.33722,0.28129,0.16882,0.32938,0.22539,0.32292,0.37374,0.36353,0.30091,0.11776
0.55957,0.48092,0.54472,0.4675,0.51428,0.43289,0.45061,0.54476,0.44814,0.54593,0.46964,0.54387,0.4566,0.39395
0.25095,0.1171,0.19024,0.21049,0.26111,0.2855,0.10508,0.24647,0.10087,0.20508,0.22342,0.29092,0.28062,0.11614
0.16561,0.11346,0.1902,0.19195,0.15694,0.22281,0.055305,0.15726,0.11933,0.19127,0.13861,0.23166,0.23385,0.065265
0.4214,0.3086,0.41302,0.32705,0.41223,0.36467,0.34835,0.39669,0.24539,0.3927,0.33884,0.44002,0.36982,0.25685
0.51248,0.39687,0.51456,0.43769,0.50484,0.42312,0.39236,0.47965,0.33971,0.48497,0.41408,0.51635,0.42465,0.32725
0.21579,0.1476,0.25502,0.25697,0.1572,0.24484,0.12956,0.22962,0.15195,0.25014,0.30351,0.17318,0.21041,0.13972
0.39288,0.2943,0.39711,0.35003,0.40638,0.35313,0.24662,0.37197,0.25337,0.39594,0.3817,0.45096,0.40026,0.1803
0.54628,0.45046,0.52499,0.47802,0.44558,0.42743,0.37795,0.51096,0.43435,0.47963,0.43874,0.45272,0.37384,0.33423
0.5148,0.38705,0.49671,0.48576,0.4316,0.44907,0.28558,0.51522,0.36338,0.51107,0.48555,0.39938,0.41216,0.29045
0.41022,0.21352,0.49221,0.50252,0.25865,0.39108,0.14695,0.41946,0.23783,0.46867,0.47799,0.18694,0.29168,0.18207
0.4404,0.38763,0.52145,0.47865,0.28699,0.34362,0.2877,0.4281,0.36108,0.52336,0.47435,0.28634,0.29653,0.24793
0.39951,0.23607,0.3874,0.3524,0.50356,0.42217,0.32839,0.35191,0.17495,0.33931,0.28731,0.46292,0.38912,0.26808
0.46484,0.35533,0.4384,0.40648,0.49261,0.44787,0.35898,0.44875,0.33456,0.44283,0.38524,0.45339,0.38131,0.37742
0.34947,0.23078,0.38222,0.35238,0.27574,0.27812,0.18042,0.32772,0.21613,0.30466,0.29612,0.21568,0.16168,0.16639
0.5395,0.31745,0.59327,0.57612,0.54808,0.55302,0.30987,0.53174,0.28951,0.58407,0.56344,0.47867,0.50294,0.26975
0.38769,0.23367,0.46565,0.44514,0.26802,0.32443,0.15368,0.39025,0.24561,0.4204,0.41081,0.23328,0.24059,0.15355
0.50357,0.40306,0.54496,0.50895,0.38453,0.4027,0.31655,0.48664,0.37451,0.51355,0.48513,0.3323,0.30389,0.3068
0.48121,0.36087,0.53901,0.4911,0.45917,0.46407,0.3241,0.46415,0.31428,0.52458,0.49475,0.44394,0.42509,0.28027
0.45542,0.27223,0.53778,0.54096,0.2788,0.42269,0.14487,0.47634,0.31062,0.51099,0.52251,0.23822,0.32422,0.18112
0.48996,0.36181,0.47169,0.44219,0.47106,0.43854,0.3277,0.5124,0.3675,0.48669,0.47196,0.43545,0.42297,0.35441
0.44571,0.26507,0.40187,0.38496,0.27598,0.29553,0.23548,0.44259,0.20603,0.36927,0.39566,0.18513,0.20469,0.22116
0.33227,0.16227,0.33538,0.31048,0.47595,0.40058,0.2755,0.3008,0.095759,0.29911,0.24947,0.40455,0.38031,0.20174
0.54553,0.39148,0.53814,0.50872,0.48818,0.49162,0.38245,0.52522,0.34519,0.51509,0.48057,0.46407,0.45547,0.36763
0.45942,0.32728,0.3365,0.28809,0.36428,0.20164,0.24955,0.4434,0.30328,0.32172,0.31335,0.38472,0.23486,0.23948
0.50762,0.32398,0.55157,0.55115,0.48418,0.50761,0.26989,0.50772,0.2972,0.52848,0.51443,0.42311,0.4472,0.2286
0.46139,0.29454,0.40196,0.37334,0.40653,0.3563,0.29756,0.44793,0.20363,0.38057,0.35501,0.34903,0.31012,0.22791
0.44664,0.2984,0.28599,0.23383,0.29117,0.17361,0.25343,0.44126,0.25486,0.24976,0.2577,0.25911,0.13547,0.26734
0.46251,0.28927,0.57217,0.55166,0.40516,0.47587,0.17777,0.48556,0.30278,0.58187,0.56274,0.35984,0.45385,0.18469
0.50652,0.3537,0.41369,0.3793,0.5102,0.41926,0.36632,0.46236,0.30204,0.39297,0.33792,0.50553,0.39181,0.31737
0.27239,0.18267,0.043313,0.0032427,0.21121,0.032427,0.20019,0.27323,0.16589,0.040387,0.042879,0.15522,0.034642,0.26622
0.5617,0.4427,0.48535,0.43825,0.51313,0.43735,0.41446,0.53909,0.3949,0.45117,0.39956,0.50498,0.42378,0.38412
0.39347,0.26491,0.20383,0.14838,0.28191,0.13836,0.27142,0.38475,0.23337,0.17815,0.17511,0.24138,0.10289,0.29661
0.38763,0.31502,0.24382,0.18515,0.44197,0.28056,0.3816,0.33007,0.24807,0.20807,0.11678,0.45294,0.31164,0.30288
0.32309,0.18245,0.44464,0.45486,0.23679,0.32655,0.061555,0.34737,0.22825,0.47209,0.44979,0.23173,0.33751,0.10253
0.39874,0.28811,0.35617,0.32251,0.32932,0.34139,0.27019,0.36121,0.24353,0.30045,0.25684,0.29795,0.27366,0.25922
0.52265,0.32759,0.51779,0.51365,0.47564,0.48272,0.3195,0.50717,0.2508,0.49663,0.48075,0.41811,0.43165,0.25056
0.29168,0.17387,0.13516,0.10148,0.10855,0.027111,0.14371,0.30071,0.10299,0.12576,0.14263,0.032288,-0.023541,0.12048
0.4145,0.2462,0.35763,0.36042,0.24209,0.29065,0.19793,0.40451,0.17068,0.31237,0.34401,0.15701,0.17853,0.17655
0.51566,0.34768,0.5069,0.47049,0.34509,0.39189,0.33186,0.5013,0.3023,0.47707,0.46995,0.29588,0.30786,0.31571
0.39282,0.23945,0.13971,0.1206,0.42689,0.21101,0.27129,0.39095,0.21736,0.15498,0.1607,0.3829,0.2451,0.33579
0.27253,0.14429,0.29123,0.2866,0.091845,0.18895,0.18545,0.31666,0.089411,0.33293,0.32838,0.058773,0.15187,0.091066
0.37806,0.22912,0.14129,0.10719,0.29016,0.087385,0.22983,0.38801,0.21884,0.1481,0.176,0.25332,0.10304,0.28032
0.37077,0.22235,0.43361,0.44757,0.1288,0.30232,0.091174,0.38921,0.24003,0.43178,0.4393,0.12565,0.21849,0.14024
0.51962,0.34628,0.56301,0.5507,0.46267,0.52484,0.2869,0.51838,0.31889,0.56416,0.51865,0.43471,0.50536,0.2925
0.44429,0.27369,0.53726,0.53946,0.22279,0.41077,0.1749,0.46499,0.29694,0.53233,0.55053,0.19101,0.32772,0.20313
0.29171,0.18633,0.47146,0.48303,0.07881,0.3414,0.080835,0.33721,0.23014,0.50551,0.51113,0.07368,0.27743,0.10002
0.23455,0.13819,0.41379,0.42598,0.066644,0.36203,0.13092,0.26675,0.1352,0.43987,0.42539,0.062291,0.25896,0.059023
0.43341,0.22333,0.50527,0.50717,0.25672,0.39537,0.14647,0.44853,0.24464,0.48635,0.51478,0.18443,0.29332,0.17876
0.52346,0.35028,0.60743,0.60682,0.37405,0.5081,0.23326,0.53615,0.37161,0.60135,0.60908,0.35055,0.44964,0.25911
0.22995,0.12854,0.37155,0.3979,-0.02211,0.23133,0.036189,0.28212,0.14664,0.40531,0.44065,-0.034269,0.15925,0.037458
0.38424,0.25004,0.53575,0.53659,0.25242,0.41432,0.10194,0.43704,0.29999,0.56264,0.5626,0.25409,0.40172,0.15283
0.32246,0.20036,0.45165,0.47801,0.10685,0.34101,0.051916,0.36691,0.25679,0.48064,0.49937,0.10966,0.29248,0.11156
0.2869,0.13792,0.077581,0.047196,0.27372,0.078762,0.18236,0.30009,0.091992,0.091542,0.092109,0.21769,0.097235,0.18296
0.30883,0.15284,0.22452,0.21056,0.37391,0.30601,0.25699,0.32355,0.084184,0.24968,0.22145,0.32278,0.31798,0.20072
0.23466,0.093281,0.11811,0.10547,0.27385,0.18118,0.16744,0.26916,0.027256,0.13633,0.12756,0.20951,0.17396,0.13006
0.26083,0.14337,0.10339,0.092066,0.19491,0.091816,0.16229,0.28551,0.065991,0.095442,0.12566,0.10259,0.057008,0.11963
0.28919,0.18253,0.091505,0.0756,0.43903,0.20922,0.20778,0.29516,0.17558,0.1306,0.084955,0.42431,0.29594,0.25754
0.49007,0.36629,0.32803,0.29538,0.61236,0.4287,0.38733,0.48639,0.36922,0.35963,0.31455,0.60766,0.49943,0.43168
0.22218,0.10734,0.063105,0.049612,0.41099,0.24514,0.17831,0.22316,0.089095,0.092028,0.042637,0.40191,0.30522,0.18624
0.24724,0.10608,0.1386,0.15481,0.1639,0.16319,0.14233,0.28281,0.014156,0.14735,0.17056,0.094004,0.12838,0.069044
0.50994,0.39543,0.57859,0.54177,0.41477,0.45885,0.27902,0.49958,0.36953,0.57082,0.54675,0.42097,0.42968,0.2317
0.43393,0.2488,0.24616,0.2357,0.44614,0.24416,0.20159,0.43135,0.24578,0.27422,0.30194,0.42985,0.31581,0.25283
0.49466,0.35912,0.37224,0.31055,0.46499,0.31011,0.39498,0.48704,0.30344,0.35337,0.34061,0.4357,0.30932,0.36688
0.42579,0.28122,0.55704,0.53863,0.29291,0.39606,0.169,0.4696,0.3089,0.56461,0.56117,0.2966,0.37324,0.17614
0.38642,0.25923,0.32392,0.25048,0.22298,0.10347,0.24108,0.39488,0.22233,0.3169,0.3183,0.21408,0.12001,0.22686
0.59022,0.44244,0.4834,0.46066,0.66413,0.53198,0.44375,0.58585,0.37237,0.48951,0.47106,0.64662,0.54859,0.41638
0.40395,0.28547,0.31271,0.2518,0.27787,0.13202,0.22374,0.41479,0.26184,0.31513,0.32747,0.27478,0.16659,0.21701
0.34561,0.14625,0.34507,0.32387,0.36445,0.32369,0.15517,0.30754,0.13845,0.33184,0.29326,0.31196,0.29658,0.12387
0.35368,0.16634,0.3611,0.31831,0.26544,0.33071,0.21477,0.38723,0.15201,0.36019,0.35457,0.17085,0.24334,0.18971
0.59977,0.47539,0.5359,0.50623,0.59671,0.52612,0.41983,0.62017,0.44617,0.54786,0.54222,0.5778,0.5361,0.43215
0.40963,0.27556,0.21156,0.19276,0.52917,0.28329,0.3092,0.40414,0.25632,0.25198,0.24278,0.52432,0.3807,0.35298
0.41512,0.28612,0.29719,0.24738,0.43305,0.3278,0.40571,0.40399,0.23331,0.28252,0.24023,0.35554,0.29698,0.36754
0.55766,0.36745,0.40023,0.37402,0.5644,0.40737,0.38284,0.54888,0.33982,0.42491,0.41707,0.52061,0.43956,0.42528
0.38123,0.23788,0.25932,0.2431,0.51552,0.44572,0.37267,0.36425,0.21607,0.27939,0.22051,0.46627,0.43565,0.35481
0.54503,0.41092,0.413,0.37565,0.58509,0.40055,0.3901,0.54817,0.39092,0.4347,0.42367,0.59351,0.47818,0.42383
0.35777,0.17052,0.28741,0.27386,0.47151,0.43833,0.3,0.34051,0.13123,0.28712,0.23995,0.39836,0.39595,0.27664
0.47259,0.32191,0.3956,0.33475,0.34939,0.23727,0.26438,0.47918,0.29855,0.39422,0.38761,0.33457,0.24342,0.24456
0.37955,0.32633,0.29485,0.19865,0.29552,0.14096,0.29196,0.36818,0.30661,0.28654,0.21702,0.26968,0.15758,0.25508
0.50865,0.37299,0.61382,0.58262,0.40396,0.50123,0.31784,0.50928,0.36248,0.60825,0.57199,0.36412,0.43722,0.28116
0.55282,0.46466,0.61222,0.57159,0.39695,0.47495,0.39536,0.57152,0.46033,0.61898,0.58326,0.39989,0.43883,0.39862
0.50304,0.39019,0.58678,0.55004,0.33428,0.42898,0.28915,0.50022,0.39222,0.59866,0.57654,0.29085,0.37182,0.28055
0.51768,0.44109,0.57113,0.5464,0.31999,0.43523,0.30346,0.51599,0.4369,0.58439,0.54992,0.36332,0.40698,0.32648
0.42919,0.3449,0.38551,0.28522,0.38739,0.26221,0.3365,0.41416,0.32994,0.35837,0.29302,0.37911,0.27248,0.28711
0.47033,0.33806,0.44656,0.37668,0.41614,0.34273,0.2873,0.44471,0.32539,0.42882,0.34832,0.37085,0.31455,0.25567
0.59079,0.51038,0.55732,0.50878,0.52937,0.47428,0.46445,0.58407,0.47837,0.56052,0.52578,0.55987,0.48005,0.45748
0.4463,0.32099,0.41561,0.33289,0.43075,0.33686,0.3175,0.41861,0.28284,0.39332,0.31082,0.39085,0.3073,0.26245
0.5218,0.36089,0.49516,0.47028,0.45178,0.46076,0.32365,0.49184,0.30556,0.4933,0.4599,0.42949,0.4076,0.29854
0.46866,0.36907,0.56314,0.56071,0.36387,0.48185,0.22197,0.51973,0.38467,0.59075,0.60263,0.35429,0.45271,0.24717
0.53566,0.4144,0.62396,0.61606,0.44658,0.53078,0.29372,0.57875,0.43938,0.64441,0.63866,0.42764,0.50736,0.32905
0.54365,0.39823,0.59465,0.57095,0.48619,0.52816,0.31231,0.56832,0.38124,0.60082,0.57553,0.45601,0.49646,0.30853
0.42886,0.28166,0.54658,0.55306,0.31612,0.46339,0.14522,0.4813,0.30136,0.57213,0.58935,0.30795,0.45819,0.1703
0.53153,0.42535,0.60029,0.58191,0.45651,0.51093,0.29578,0.56674,0.44797,0.61803,0.59658,0.45632,0.48535,0.33964
0.41492,0.33271,0.52089,0.52353,0.33784,0.47325,0.15775,0.44828,0.33212,0.53156,0.55275,0.34685,0.45615,0.18688
0.36048,0.21497,0.50373,0.52445,0.20419,0.40202,0.055967,0.40536,0.26203,0.53404,0.54986,0.21438,0.38269,0.10844
0.43746,0.30689,0.46342,0.47521,0.38531,0.49974,0.1976,0.46429,0.33707,0.49746,0.49098,0.44785,0.51067,0.23698
0.44366,0.34996,0.46869,0.44081,0.391,0.46214,0.28842,0.46198,0.35775,0.47439,0.49847,0.36228,0.40911,0.26327
0.32239,0.23083,0.49775,0.50111,0.18109,0.38695,0.094621,0.37783,0.27658,0.53166,0.53523,0.18328,0.35311,0.12971
0.40329,0.28398,0.48023,0.48888,0.34329,0.50034,0.24007,0.42176,0.33531,0.51101,0.5202,0.36456,0.49495,0.26523
0.48605,0.32653,0.58692,0.59076,0.38385,0.51422,0.20137,0.51767,0.34903,0.61209,0.61145,0.3524,0.49287,0.2473
0.43111,0.26335,0.55406,0.56251,0.30615,0.48342,0.17559,0.46289,0.27532,0.5752,0.59429,0.29219,0.45621,0.17321
0.42386,0.34563,0.45927,0.44334,0.35374,0.47898,0.28952,0.44804,0.35603,0.48629,0.49842,0.3371,0.43784,0.25801
0.36167,0.2391,0.47014,0.46868,0.30594,0.47489,0.20014,0.3833,0.23365,0.45539,0.44981,0.27742,0.42521,0.14745
0.24594,0.11311,0.24823,0.29406,0.24208,0.38747,0.1067,0.25576,0.10251,0.24247,0.26754,0.22112,0.3536,0.04771
0.49064,0.40153,0.58492,0.55362,0.40594,0.46748,0.26542,0.53687,0.40283,0.60158,0.58741,0.42342,0.4905,0.28803
0.57978,0.44296,0.6128,0.57727,0.49615,0.50721,0.31627,0.60875,0.44167,0.62907,0.62496,0.47399,0.49113,0.32279
0.25246,0.15201,0.43833,0.4257,0.082668,0.34985,0.15831,0.26708,0.14299,0.45618,0.42003,0.074803,0.24781,0.068372
0.24417,0.21961,0.26348,0.25081,0.27515,0.32705,0.22673,0.23753,0.22181,0.24153,0.21313,0.36756,0.32595,0.16977
0.19064,0.097774,0.16006,0.20719,0.37197,0.41005,0.1673,0.18422,0.097113,0.1988,0.16837,0.39816,0.4413,0.13086
0.31008,0.25235,0.35395,0.30112,0.30611,0.36206,0.29944,0.33473,0.21531,0.34318,0.32119,0.35819,0.35943,0.21161
0.23978,0.14842,0.20278,0.23119,0.27164,0.3923,0.071419,0.25971,0.13789,0.20077,0.25253,0.3073,0.34217,0.073903
0.25124,0.22245,0.23978,0.19409,0.2323,0.24884,0.19312,0.26875,0.21073,0.21877,0.2343,0.29715,0.27732,0.15564
0.30013,0.18213,0.19193,0.18608,0.48095,0.37495,0.26004,0.29374,0.17002,0.21898,0.15602,0.46778,0.43244,0.25779
0.3797,0.27885,0.46699,0.4791,0.30652,0.5095,0.23916,0.39893,0.24501,0.46608,0.48619,0.27468,0.42187,0.17937
0.14054,0.073818,0.19025,0.20135,0.17983,0.28068,0.097146,0.11031,0.047695,0.18277,0.16319,0.1791,0.24265,0.049685
0.38685,0.2582,0.40953,0.40618,0.37894,0.52014,0.31021,0.38926,0.19587,0.41002,0.40434,0.34358,0.43812,0.22387
0.2312,0.17327,0.16797,0.17399,0.44683,0.41626,0.27202,0.21907,0.15315,0.20019,0.14633,0.46453,0.47019,0.2574
0.37056,0.22564,0.30846,0.30599,0.45193,0.47681,0.35169,0.35545,0.15713,0.31299,0.28065,0.39914,0.43583,0.27086
0.39694,0.24813,0.35706,0.35924,0.45644,0.48424,0.33935,0.41125,0.17539,0.37712,0.35686,0.40218,0.47169,0.27467
0.4227,0.20057,0.32602,0.36821,0.49315,0.50139,0.24239,0.45077,0.17367,0.35527,0.36189,0.44084,0.52077,0.24451
0.33511,0.17515,0.3263,0.33594,0.38153,0.48547,0.26308,0.33079,0.1341,0.30892,0.30225,0.35406,0.45757,0.21828
0.21397,0.058235,0.15532,0.20184,0.30271,0.39085,0.12146,0.23507,0.02336,0.15606,0.20426,0.24952,0.36658,0.068236
0.47557,0.34355,0.38653,0.36856,0.3978,0.37109,0.36048,0.50007,0.29014,0.42495,0.41728,0.35707,0.35649,0.32486
0.12254,-0.032835,0.1015,0.12589,0.19562,0.25173,0.053577,0.14675,-0.028927,0.13111,0.091641,0.18302,0.26949,0.059597
0.46,0.29938,0.2882,0.28431,0.40533,0.31849,0.30729,0.49472,0.2562,0.31882,0.34084,0.37058,0.33214,0.30402
0.11495,-0.055474,0.11843,0.16304,0.20826,0.32479,0.03163,0.12347,-0.05643,0.12629,0.10697,0.23538,0.3316,0.010145
0.36954,0.25734,0.36405,0.40198,0.37428,0.5003,0.24365,0.41592,0.22766,0.39405,0.43456,0.3251,0.47054,0.20196
0.36225,0.17433,0.2827,0.30096,0.47542,0.47319,0.21737,0.39816,0.14007,0.31133,0.31894,0.4401,0.48838,0.20196
0.32771,0.16607,0.25373,0.25164,0.42414,0.39267,0.27657,0.3364,0.095048,0.27105,0.24594,0.37512,0.38683,0.20621
0.49324,0.40728,0.42387,0.38272,0.54556,0.4938,0.48161,0.47455,0.35617,0.43212,0.35628,0.52405,0.48249,0.44174
0.25219,0.23138,0.29952,0.29016,0.23469,0.32711,0.24029,0.26334,0.16626,0.31382,0.3111,0.26141,0.28256,0.16265
0.18832,0.14964,0.2184,0.23277,0.15056,0.2803,0.16237,0.17421,0.14717,0.23202,0.2362,0.24575,0.24999,0.10782
0.23457,0.1741,0.28364,0.31105,0.16043,0.2611,0.10989,0.24592,0.1274,0.29806,0.2825,0.20719,0.26106,0.085247
0.3142,0.16938,0.18963,0.1464,0.34511,0.19239,0.18472,0.37148,0.18704,0.24823,0.22227,0.34319,0.26827,0.21502
0.18556,0.03665,0.16403,0.18527,0.22699,0.29406,-0.031055,0.1993,0.025781,0.18027,0.21115,0.25151,0.30832,-0.0068408
0.23245,0.089217,0.10233,0.07073,0.18294,0.041589,0.050518,0.24933,0.085264,0.09997,0.092078,0.16663,0.024091,0.08736
0.39756,0.21866,0.21083,0.19392,0.28883,0.18031,0.18681,0.41135,0.21418,0.21287,0.24388,0.25563,0.14266,0.23937
0.50592,0.26972,0.38838,0.37564,0.40746,0.36341,0.29995,0.5031,0.2649,0.37246,0.39547,0.36249,0.31025,0.31496
0.35719,0.15579,0.31643,0.3035,0.21787,0.19201,0.12533,0.38657,0.17677,0.30415,0.29423,0.23324,0.14777,0.16781
0.09406,-0.030202,0.15757,0.19042,0.058233,0.19842,-0.077195,0.11849,0.011245,0.18622,0.14738,0.11632,0.17707,-0.022396
0.11511,0.14264,0.18459,0.20491,0.054204,0.14243,0.11028,0.099573,0.11454,0.20064,0.24319,0.069689,0.14229,0.11179
0.22519,0.058854,0.13439,0.1239,0.40983,0.28919,0.11102,0.25313,0.059411,0.16654,0.14462,0.41094,0.34531,0.10699
0.22871,0.1693,0.26497,0.28155,0.23182,0.26548,0.17636,0.24611,0.12896,0.26986,0.25952,0.29699,0.28922,0.16985
0.21325,0.12034,0.17811,0.2112,0.20183,0.24734,0.084775,0.26707,0.20094,0.25504,0.2583,0.25124,0.28657,0.13978
-0.016989,-0.11723,0.024383,0.043899,0.037136,0.094711,-0.10029,-0.0026536,-0.11783,0.030968,0.0034075,0.078447,0.13554,-0.11714
0.37292,0.23691,0.42155,0.41217,0.21985,0.37218,0.13769,0.38295,0.2645,0.40552,0.41145,0.24657,0.29461,0.15036
0.23723,0.14513,0.15918,0.14626,0.42827,0.34132,0.1908,0.23238,0.12803,0.1941,0.15162,0.43579,0.39565,0.17776
0.21543,0.037286,0.17756,0.21152,0.29097,0.34334,0.088386,0.27957,0.021854,0.20986,0.23196,0.2342,0.34032,0.097926
0.45841,0.38462,0.40224,0.3335,0.2432,0.21612,0.36081,0.47128,0.33894,0.41244,0.39876,0.23665,0.15645,0.33403
0.38753,0.33274,0.34592,0.26372,0.21323,0.15657,0.36005,0.40518,0.28178,0.37091,0.33385,0.20247,0.12989,0.31511
0.3607,0.26313,0.18345,0.16668,0.22539,0.096213,0.2094,0.39936,0.21911,0.20893,0.23028,0.21827,0.13899,0.20242
0.38443,0.29379,0.37182,0.38803,0.43069,0.52185,0.29546,0.39603,0.26379,0.3713,0.38389,0.50094,0.53424,0.28693
0.34105,0.27318,0.34724,0.34237,0.34862,0.40064,0.23955,0.33236,0.21544,0.33672,0.32907,0.38943,0.37858,0.19096
0.44821,0.38035,0.44008,0.36556,0.31755,0.24573,0.36858,0.4388,0.34385,0.42152,0.35984,0.38573,0.24919,0.34882
0.6001,0.50659,0.57664,0.51753,0.53682,0.44116,0.47719,0.57681,0.47357,0.56934,0.49856,0.57138,0.47133,0.43065
0.54472,0.48393,0.56592,0.48705,0.50336,0.4116,0.45806,0.53132,0.44827,0.54331,0.4657,0.51405,0.42308,0.39584
0.55501,0.4687,0.48319,0.42141,0.51852,0.38265,0.42453,0.52917,0.43361,0.47047,0.41209,0.52702,0.40426,0.40639
0.53453,0.47522,0.54029,0.46168,0.49498,0.391,0.45696,0.50606,0.45853,0.53062,0.4493,0.52966,0.41834,0.40559
0.53795,0.49025,0.55519,0.4817,0.50179,0.42915,0.4656,0.50824,0.47262,0.54658,0.46443,0.52325,0.43159,0.41825
0.53678,0.47668,0.58172,0.53089,0.45001,0.45143,0.39494,0.51273,0.46415,0.57935,0.50201,0.49669,0.45904,0.37922
0.39565,0.29669,0.44115,0.41201,0.26299,0.38324,0.21367,0.38978,0.26908,0.39546,0.38236,0.30148,0.32543,0.1541
0.25784,0.16807,0.30995,0.30589,0.23123,0.29405,0.11253,0.24521,0.13628,0.27896,0.27484,0.28273,0.28419,0.099203
0.45285,0.29527,0.52173,0.50381,0.33689,0.39357,0.19967,0.46881,0.32825,0.50201,0.4954,0.292,0.34799,0.23629
0.45601,0.27743,0.54393,0.54716,0.31508,0.42387,0.14745,0.48058,0.31715,0.53387,0.54565,0.26894,0.34888,0.18662
0.45507,0.28584,0.52698,0.50552,0.38032,0.40471,0.17931,0.46963,0.29977,0.53501,0.518,0.39948,0.40729,0.16552
0.58777,0.47741,0.59229,0.55458,0.4994,0.46906,0.36255,0.60072,0.44738,0.59878,0.6006,0.53237,0.49445,0.3498
0.60733,0.48235,0.58364,0.52715,0.52102,0.46837,0.4418,0.60045,0.44533,0.58067,0.53571,0.53275,0.47527,0.4081
0.53462,0.44853,0.48877,0.42623,0.46362,0.40014,0.38815,0.50879,0.40812,0.47465,0.41258,0.44777,0.37146,0.36594
0.48319,0.32459,0.50053,0.51073,0.49428,0.56614,0.31458,0.47782,0.30831,0.53477,0.52361,0.4779,0.57713,0.34476
0.27361,0.14405,0.30231,0.30883,0.27452,0.41997,0.22131,0.2503,0.085241,0.28415,0.27906,0.24369,0.37462,0.10319
0.47919,0.3534,0.41062,0.41898,0.55242,0.55128,0.42267,0.47948,0.3293,0.45317,0.44094,0.54455,0.57999,0.43079
0.10886,0.14969,0.15563,0.17659,0.0028056,0.10207,0.12327,0.10932,0.12968,0.1698,0.23178,0.039845,0.047775,0.13397
0.17113,0.2003,0.23122,0.24322,0.093929,0.24322,0.15989,0.21013,0.17295,0.25248,0.29848,0.16602,0.19243,0.11075
0.37075,0.19454,0.42052,0.44703,0.23702,0.43073,0.18673,0.3687,0.178,0.43634,0.40876,0.18545,0.32609,0.21276
0.45109,0.30535,0.29931,0.25503,0.50974,0.35528,0.38141,0.40635,0.25728,0.27627,0.22661,0.48171,0.3436,0.34686
0.47565,0.29839,0.56613,0.57118,0.34147,0.46884,0.17932,0.49287,0.32888,0.57067,0.57508,0.29848,0.40047,0.21524
0.38871,0.31167,0.37676,0.32577,0.43851,0.37104,0.33675,0.35372,0.2826,0.35506,0.27266,0.44515,0.33593,0.30813
0.54124,0.4864,0.55291,0.49745,0.43871,0.41049,0.41237,0.51031,0.42059,0.53342,0.48288,0.42825,0.35185,0.35214
0.50655,0.32552,0.58078,0.57058,0.42288,0.4717,0.23268,0.50776,0.33979,0.58909,0.55438,0.41454,0.44238,0.20377
0.53262,0.34144,0.58561,0.58428,0.46979,0.512,0.26151,0.54049,0.34154,0.58473,0.56856,0.43814,0.47566,0.23598
0.24482,0.11297,0.27565,0.27639,-0.070708,0.076716,0.030726,0.28253,0.11165,0.29014,0.33942,-0.099172,0.01343,0.029962
0.52847,0.3736,0.58796,0.56029,0.47912,0.51716,0.29408,0.55753,0.39544,0.61944,0.59165,0.47087,0.52952,0.33906
0.40981,0.23764,0.43409,0.44314,0.39802,0.50533,0.25921,0.39703,0.20282,0.44479,0.43572,0.36228,0.4785,0.2122
0.46034,0.31195,0.55009,0.51631,0.39911,0.45556,0.24689,0.49301,0.32201,0.56003,0.5262,0.3863,0.47791,0.274
0.43264,0.26572,0.55024,0.56217,0.3079,0.44681,0.1191,0.47954,0.29996,0.57893,0.58638,0.30007,0.4562,0.17535
0.32725,0.13392,0.45163,0.4469,0.31137,0.36099,0.075107,0.33306,0.18711,0.45668,0.43292,0.25959,0.3263,0.077405
0.39804,0.27613,0.48295,0.48065,0.28313,0.47592,0.31244,0.41252,0.26945,0.51461,0.47372,0.28269,0.4184,0.27447
0.41107,0.34474,0.57396,0.54758,0.17899,0.39741,0.26939,0.41084,0.34514,0.59175,0.56051,0.17154,0.2806,0.21539
-0.065841,-0.031246,-0.032079,-0.017565,0.11227,0.16036,0.023631,-0.092233,-0.036813,-0.017112,-0.079785,0.15851,0.22347,0.061004
0.022471,-0.02683,0.08824,0.071849,0.10265,0.16548,0.10738,0.0098076,-0.047258,0.065237,-0.015395,0.1135,0.17728,0.030426
0.34949,0.22122,0.25128,0.23287,0.28423,0.1571,0.073446,0.36923,0.2241,0.28112,0.31169,0.33053,0.21401,0.12377
0.22838,0.10452,0.21762,0.20149,0.35758,0.30208,0.18633,0.19808,0.052611,0.20118,0.13462,0.33343,0.29139,0.15793
0.45841,0.30431,0.43553,0.39806,0.50091,0.43338,0.29202,0.43173,0.28235,0.42059,0.35235,0.45924,0.39956,0.29468
0.42191,0.26509,0.38115,0.35159,0.52479,0.43329,0.33793,0.37602,0.20714,0.35838,0.2842,0.4948,0.42377,0.29744
0.44821,0.25474,0.53075,0.54032,0.35537,0.44785,0.2144,0.45361,0.25844,0.50828,0.49987,0.29837,0.38236,0.20655
0.53863,0.35245,0.55898,0.54698,0.50717,0.51204,0.34027,0.52409,0.3279,0.54706,0.50382,0.4394,0.44853,0.33213
0.32641,0.23933,0.33048,0.24503,0.18196,0.14711,0.27259,0.35525,0.22555,0.33654,0.32033,0.11921,0.10404,0.2465
0.25243,0.22764,0.2406,0.27812,0.28967,0.3443,0.23613,0.21514,0.23521,0.25908,0.23101,0.35201,0.32323,0.24947
0.18001,0.16156,0.14151,0.18706,0.36082,0.38132,0.23301,0.1415,0.15766,0.20157,0.14687,0.41432,0.41699,0.23047
0.44542,0.37429,0.57881,0.57076,0.23081,0.40218,0.1997,0.48572,0.41777,0.60023,0.6061,0.23829,0.33593,0.22727
0.50711,0.38766,0.35338,0.33963,0.61056,0.47136,0.44629,0.47973,0.34957,0.39238,0.34565,0.61525,0.53179,0.46665
0.51494,0.42611,0.43109,0.35671,0.48994,0.38536,0.42322,0.47057,0.38288,0.40261,0.34075,0.49351,0.35162,0.38096
0.51063,0.4417,0.44522,0.35588,0.49596,0.3837,0.4325,0.47185,0.40393,0.4043,0.32444,0.50902,0.35734,0.36599
0.54921,0.42596,0.60783,0.58436,0.50682,0.53463,0.33054,0.58443,0.41678,0.63062,0.63661,0.49377,0.55067,0.32422
0.07247,-0.044776,-0.030258,0.04498,0.14082,0.17864,-0.061631,0.12804,-0.081899,-0.027472,0.055113,0.10583,0.20679,-0.067028
0.23153,0.062616,0.18116,0.16905,0.26291,0.19664,0.077173,0.24035,0.098161,0.20861,0.18944,0.25154,0.21493,0.10043
0.32269,0.25787,0.090405,0.056247,0.32051,0.067432,0.27889,0.32392,0.16415,0.086568,0.093611,0.27401,0.1339,0.24954
0.41887,0.34142,0.54736,0.54569,0.23215,0.42175,0.17792,0.48386,0.40293,0.57107,0.59052,0.2444,0.35548,0.2092
0.51296,0.36472,0.40852,0.39487,0.57032,0.45808,0.35538,0.47423,0.31874,0.40135,0.36033,0.54172,0.45238,0.33893
0.50122,0.34874,0.56899,0.55717,0.39829,0.45883,0.22413,0.53157,0.39653,0.6023,0.60581,0.39663,0.46383,0.26552
0.12371,-0.054443,0.10247,0.17245,0.24079,0.41306,0.010217,0.14343,-0.033568,0.14752,0.14939,0.24877,0.3668,0.02789
0.49668,0.38323,0.38044,0.38812,0.62905,0.54897,0.43292,0.49117,0.36059,0.41847,0.39573,0.62365,0.60663,0.45724
0.37614,0.27584,0.31714,0.32866,0.36499,0.38497,0.29268,0.40695,0.20242,0.33682,0.34517,0.38631,0.39896,0.20846
0.22342,0.088225,0.19892,0.16924,0.27748,0.30202,0.23673,0.22036,0.043873,0.20867,0.14223,0.31154,0.30547,0.14812
0.37318,0.25216,0.27636,0.2249,0.40394,0.30371,0.32863,0.32967,0.20687,0.27459,0.22712,0.36282,0.30049,0.31431
0.13244,0.098651,0.13351,0.16675,0.23439,0.29514,0.14,0.079996,0.083477,0.1522,0.11917,0.2666,0.2879,0.10545
0.51231,0.32222,0.5708,0.56654,0.4545,0.56589,0.24747,0.54495,0.36423,0.60859,0.61872,0.44755,0.55428,0.28527
0.3877,0.23075,0.26601,0.22089,0.24781,0.10341,0.20411,0.39268,0.19137,0.27623,0.28955,0.26779,0.14696,0.18794
0.46902,0.36169,0.60179,0.60103,0.28332,0.42792,0.20993,0.49613,0.38722,0.62138,0.61325,0.26399,0.37975,0.24404
0.49985,0.32941,0.44145,0.40136,0.55,0.45157,0.40406,0.45538,0.26662,0.42422,0.36887,0.53196,0.44001,0.32832
0.44032,0.30792,0.53799,0.50237,0.20718,0.36251,0.23299,0.46647,0.31695,0.54778,0.52901,0.17361,0.28242,0.21174
0.50079,0.37917,0.59974,0.56956,0.32492,0.44019,0.27064,0.53818,0.42082,0.62351,0.59919,0.32401,0.37549,0.28378
0.36367,0.23352,0.31466,0.33195,0.47069,0.49413,0.32553,0.35845,0.18925,0.3442,0.30669,0.4801,0.50749,0.29827
0.38812,0.3143,0.30289,0.25434,0.43187,0.31684,0.39117,0.30895,0.24855,0.27999,0.16773,0.43814,0.31852,0.30255
0.20783,0.1514,0.20599,0.18125,0.28904,0.21978,0.13472,0.22478,0.12471,0.2021,0.2371,0.3811,0.22842,0.046565
0.42788,0.33758,0.36364,0.29915,0.44075,0.33926,0.39466,0.37037,0.25763,0.32681,0.24289,0.45137,0.34003,0.29758
0.1794,0.098958,0.11205,0.095613,0.29447,0.22614,0.20928,0.19604,0.085682,0.12177,0.092779,0.3003,0.24325,0.2159
0.0074407,-0.057938,0.038951,0.038409,0.03407,0.063761,-0.0015767,0.016551,-0.051075,0.035908,0.0067368,0.04563,0.043538,-0.0090438
0.12899,0.10654,-0.0080159,-0.045891,0.13049,0.038443,0.17549,0.15929,0.059763,0.0059389,0.030072,0.13817,0.062092,0.13977
0.028446,0.011822,0.0045584,0.039119,0.26792,0.24446,0.095881,0.015123,0.0041151,0.027998,-0.03623,0.24953,0.27255,0.12185
0.33909,0.25728,0.30513,0.29731,0.43976,0.34009,0.21374,0.34347,0.2468,0.29125,0.2842,0.44323,0.39325,0.22596
0.091452,0.047013,0.086078,0.095199,0.21439,0.18503,0.1522,0.12218,0.072445,0.14809,0.064183,0.22777,0.19996,0.17937
0.39842,0.30807,0.37643,0.31889,0.51793,0.39493,0.37943,0.37252,0.23031,0.33926,0.29488,0.49311,0.41517,0.32538
0.14222,0.10273,0.13448,0.14584,0.17837,0.24104,0.12788,0.11808,0.12501,0.10207,0.071059,0.20731,0.20327,0.11106
0.31068,0.23164,0.26477,0.20284,0.20138,0.15676,0.30315,0.31836,0.16851,0.27273,0.21333,0.2104,0.15325,0.21509
0.28839,0.31015,0.18176,0.12435,0.33272,0.17159,0.25667,0.27689,0.25468,0.15758,0.18269,0.37887,0.21305,0.19987
0.35354,0.24242,0.25656,0.24478,0.51209,0.44122,0.29604,0.30395,0.24664,0.25995,0.20265,0.53324,0.44057,0.27841
0.31986,0.23563,0.40192,0.38258,0.25928,0.41732,0.25294,0.32008,0.17643,0.38591,0.37385,0.25959,0.31943,0.12933
0.53235,0.38634,0.60271,0.59422,0.42717,0.55547,0.38466,0.50824,0.37085,0.60588,0.57146,0.387,0.45022,0.35949
0.26865,0.22211,0.12332,0.071544,0.3347,0.13064,0.3053,0.25986,0.15484,0.14409,0.080321,0.35508,0.21471,0.25015
0.26748,0.16217,0.25902,0.25023,0.27736,0.31445,0.18924,0.23645,0.15,0.27271,0.23601,0.31725,0.31223,0.1401
0.43378,0.30856,0.42033,0.38347,0.38047,0.39479,0.42723,0.39876,0.27139,0.43759,0.34366,0.31796,0.34698,0.39872
0.38005,0.22958,0.36466,0.35715,0.36038,0.38347,0.30438,0.40288,0.15411,0.39425,0.37481,0.31407,0.36529,0.23011
0.23422,0.22332,0.16203,0.15807,0.31567,0.28635,0.23166,0.20117,0.164,0.16435,0.11462,0.3516,0.32765,0.17843
0.28976,0.16659,0.26982,0.29357,0.39579,0.4339,0.26013,0.292,0.16397,0.29229,0.23244,0.42383,0.48278,0.24123
0.34846,0.2099,0.38104,0.4192,0.31516,0.45605,0.15128,0.38703,0.2278,0.41467,0.41126,0.34217,0.45095,0.16966
0.43163,0.29906,0.31635,0.28332,0.4102,0.30829,0.33664,0.46056,0.21708,0.33084,0.31771,0.38545,0.32282,0.26726
0.55563,0.42613,0.43643,0.42592,0.53354,0.44307,0.38003,0.57021,0.37793,0.44055,0.46893,0.47128,0.44903,0.38249
0.41586,0.25131,0.26761,0.24635,0.33172,0.15312,0.16069,0.43136,0.23413,0.28975,0.31974,0.35904,0.21889,0.19776
0.35093,0.20149,0.39337,0.39471,0.29787,0.39836,0.2215,0.39935,0.15862,0.43881,0.44565,0.27231,0.37916,0.15399
0.16993,0.12477,0.12415,0.14713,0.2369,0.27144,0.090707,0.20051,0.13612,0.12044,0.20709,0.1925,0.23957,0.065503
0.46868,0.3527,0.59886,0.57905,0.2596,0.43149,0.25757,0.48006,0.35981,0.59785,0.57967,0.24149,0.3206,0.25983
0.36151,0.22496,0.20738,0.15551,0.19454,0.094666,0.18535,0.36411,0.19107,0.17005,0.19681,0.1241,0.039577,0.21096
0.30246,0.23727,0.39553,0.3591,0.23476,0.39638,0.3224,0.28354,0.20515,0.39273,0.30435,0.26375,0.30009,0.22879
0.4562,0.37703,0.57094,0.55085,0.31485,0.42828,0.2816,0.45694,0.37089,0.55999,0.54488,0.22975,0.32449,0.26834
0.33348,0.19719,0.16374,0.11746,0.16616,0.056775,0.18812,0.33799,0.15385,0.15362,0.18122,0.091366,0.0083808,0.19391
0.07998,-0.070292,0.079886,0.10098,0.09774,0.18352,0.014081,0.099725,-0.048747,0.10412,0.079823,0.098564,0.18878,0.021049
0.40381,0.33712,0.44782,0.38459,0.21008,0.27337,0.39275,0.39495,0.3055,0.45242,0.37419,0.16678,0.17317,0.37616
0.4353,0.39232,0.57013,0.5588,0.19599,0.40464,0.28045,0.47842,0.42331,0.6044,0.59718,0.21218,0.33385,0.3002
0.46141,0.41895,0.59109,0.56321,0.22193,0.39244,0.33354,0.49191,0.43882,0.61986,0.60089,0.2361,0.32753,0.34205
0.43608,0.39625,0.51168,0.46957,0.19496,0.2719,0.30772,0.47179,0.39713,0.53882,0.53168,0.18595,0.22457,0.31323
0.40396,0.38454,0.4057,0.35598,0.22437,0.21079,0.34172,0.45802,0.3547,0.43953,0.42789,0.22023,0.20783,0.32166
-0.17441,-0.18028,-0.088977,-0.02364,-0.037991,0.14772,-0.10908,-0.11935,-0.17254,-0.039965,-0.051304,0.029507,0.15204,-0.082509
0.45355,0.38066,0.58642,0.56625,0.25129,0.39868,0.25764,0.46794,0.39891,0.59969,0.59092,0.22722,0.33111,0.27438
0.46054,0.3576,0.44182,0.414,0.46466,0.51574,0.5109,0.4344,0.32813,0.48089,0.39112,0.44777,0.47358,0.51604
0.39406,0.30134,0.49464,0.4342,0.23862,0.31586,0.24198,0.37568,0.27004,0.49625,0.43559,0.1921,0.22885,0.20181
0.39359,0.19895,0.49063,0.47304,0.26074,0.36824,0.15524,0.41347,0.22487,0.45653,0.45125,0.19221,0.25291,0.16482
0.43751,0.34768,0.46089,0.48383,0.48698,0.54944,0.42295,0.42963,0.32505,0.48363,0.44877,0.40607,0.50352,0.4331
0.41259,0.36647,0.4979,0.44963,0.30939,0.42839,0.38799,0.39655,0.32803,0.50146,0.43212,0.35568,0.37614,0.29352
0.31867,0.18984,0.45227,0.41869,0.13778,0.33621,0.19008,0.30663,0.14798,0.44757,0.39011,0.10675,0.24165,0.078161
0.37343,0.27821,0.55948,0.53862,0.16272,0.38992,0.15969,0.39042,0.2952,0.56469,0.54196,0.16284,0.3099,0.13026
0.43758,0.30853,0.58212,0.55332,0.22987,0.4002,0.19516,0.47088,0.32553,0.58961,0.58612,0.20399,0.31962,0.18088
0.48419,0.35624,0.38846,0.36039,0.55158,0.42239,0.34829,0.49022,0.31573,0.40012,0.3827,0.55823,0.45564,0.33416
0.43539,0.36385,0.59611,0.56719,0.22479,0.41891,0.23173,0.42583,0.34272,0.59176,0.56499,0.22435,0.33644,0.16785
0.086566,0.0063429,0.20232,0.25399,0.14646,0.38725,0.010924,0.11922,0.018851,0.22151,0.2266,0.16849,0.35039,-0.022401
0.21215,0.093909,0.28242,0.30269,0.19263,0.37845,0.1862,0.2002,0.10136,0.28018,0.29714,0.14588,0.26145,0.10114
0.44565,0.42397,0.48209,0.4126,0.41281,0.37141,0.37448,0.41888,0.38497,0.45435,0.37193,0.42267,0.35725,0.33203
0.47619,0.38052,0.39449,0.38172,0.39849,0.37876,0.29992,0.4986,0.32718,0.39271,0.41851,0.35941,0.36116,0.27693
0.12697,0.012637,0.21587,0.23823,0.14803,0.3529,0.13218,0.11622,0.025903,0.22899,0.17405,0.14098,0.24709,0.054508
0.046213,0.024453,-0.051487,-0.019606,0.031943,-0.015614,-0.025693,0.085606,-0.016578,-0.052774,-0.020108,0.053362,0.024787,-0.038498
0.20113,0.12266,0.039065,0.063905,0.14192,0.045549,0.061796,0.24199,0.069801,0.045055,0.088388,0.1606,0.10006,0.037468
0.15885,0.065543,0.19365,0.26601,0.31416,0.39538,0.089706,0.12427,0.053005,0.2287,0.18874,0.33305,0.40897,0.10496
0.22734,0.11608,0.36173,0.36066,0.16501,0.39541,0.076664,0.27833,0.12166,0.36857,0.37754,0.17897,0.30962,0.0071125
0.07114,-0.01074,0.22955,0.24216,0.076101,0.32433,0.070894,0.058614,-0.029608,0.22151,0.17956,0.094391,0.24282,-0.0365
0.29409,0.20351,0.4725,0.4688,0.12208,0.39391,0.11907,0.33861,0.21764,0.48673,0.47398,0.13435,0.28417,0.063755
0.55079,0.48798,0.56044,0.48175,0.48052,0.38549,0.45631,0.52725,0.45397,0.54405,0.46237,0.50503,0.41143,0.38237
0.57382,0.52359,0.5295,0.45995,0.48127,0.37176,0.45266,0.56564,0.49061,0.53001,0.48473,0.53367,0.40721,0.42038
0.32234,0.2181,0.44028,0.39879,0.33251,0.38272,0.22917,0.33771,0.23223,0.45599,0.4001,0.33582,0.38535,0.24447
0.35538,0.30176,0.51046,0.49806,0.17117,0.40965,0.27121,0.37822,0.3172,0.535,0.50839,0.17413,0.32039,0.22223
0.5668,0.48846,0.61684,0.56423,0.46954,0.45231,0.37772,0.54474,0.4856,0.6067,0.54679,0.51571,0.45976,0.35551
0.23948,0.12027,0.31206,0.29961,0.1672,0.2637,0.093799,0.26,0.17462,0.33096,0.28379,0.1926,0.24413,0.15381
0.40823,0.32142,0.3909,0.32264,0.45947,0.34658,0.38443,0.35909,0.2775,0.36114,0.26357,0.46873,0.36911,0.28971
0.15876,0.060088,0.023905,-0.039756,0.22992,0.044443,0.25234,0.17356,0.020754,0.027684,-0.023567,0.19112,0.090217,0.21645
0.44018,0.37132,0.38222,0.37687,0.5182,0.52429,0.52061,0.42806,0.34231,0.42067,0.34027,0.4998,0.51003,0.52285
0.47008,0.40319,0.48269,0.42552,0.4053,0.37839,0.36071,0.44428,0.38088,0.45548,0.3768,0.42754,0.35116,0.29264
0.56176,0.46281,0.56795,0.51875,0.54937,0.49692,0.4393,0.52766,0.4144,0.54519,0.46673,0.56154,0.48733,0.37683
0.50827,0.46679,0.45423,0.40791,0.51959,0.4713,0.57746,0.48692,0.43851,0.48343,0.3872,0.5327,0.46983,0.56736
0.21162,0.046912,0.10493,0.11393,0.38851,0.26632,0.17009,0.23813,0.039175,0.14006,0.14645,0.4073,0.35002,0.11784
0.21406,0.1383,0.052541,-0.017311,0.29192,0.048001,0.26851,0.22279,0.094489,0.071198,0.014657,0.28853,0.13342,0.23335
0.34783,0.26895,0.20431,0.14112,0.36084,0.15857,0.33767,0.36365,0.24559,0.254,0.19892,0.38621,0.24196,0.33716
0.51348,0.40856,0.48601,0.48623,0.52037,0.51924,0.47351,0.51795,0.38775,0.52498,0.47765,0.45967,0.50874,0.49169
-0.11288,-0.12957,-0.046143,-0.0086964,-0.061645,0.075395,-0.20155,-0.085507,-0.097479,-0.028001,-0.014705,-0.00053458,0.1287,-0.17199
0.49335,0.44389,0.37078,0.33892,0.58048,0.43553,0.50477,0.47355,0.40987,0.41801,0.3575,0.5794,0.4734,0.50401
0.46563,0.42895,0.39237,0.36244,0.58472,0.52088,0.54881,0.44413,0.3926,0.42449,0.33885,0.58745,0.55596,0.5393
0.23581,0.07621,0.16714,0.14367,0.31523,0.25857,0.24376,0.25577,0.048821,0.19251,0.14646,0.28191,0.25402,0.20312
0.32622,0.2237,0.21583,0.22599,0.53012,0.45563,0.35596,0.31385,0.19143,0.25094,0.20593,0.52028,0.51696,0.34475
0.27186,0.14325,0.32615,0.31522,0.2124,0.33621,0.25689,0.27392,0.13009,0.33908,0.29444,0.15513,0.23794,0.18847
0.07179,-0.014048,0.029047,0.093881,0.28398,0.29848,0.060113,0.099859,0.0039549,0.075836,0.09717,0.24721,0.36882,0.072427
0.25937,0.13815,0.13528,0.12057,0.27084,0.14333,0.29001,0.2572,0.062629,0.14562,0.088651,0.18557,0.14127,0.28396
0.29847,0.17559,0.13854,0.10725,0.34871,0.16667,0.30792,0.27434,0.10695,0.15001,0.078323,0.30759,0.20118,0.28116
-0.031304,-0.072151,-0.0025546,0.095379,0.099734,0.18885,-0.093541,0.019858,-0.020539,0.073979,0.096242,0.12645,0.27683,-0.031721
0.039953,-0.046011,0.070593,0.13478,0.0942,0.22244,-0.006132,0.084565,-0.019093,0.12916,0.12948,0.11568,0.25285,-0.0021014
0.33854,0.16357,0.28412,0.30057,0.366,0.382,0.27972,0.3368,0.13971,0.30543,0.24658,0.30642,0.3523,0.28303
0.48141,0.38718,0.44199,0.40886,0.47453,0.47573,0.48352,0.44631,0.35761,0.46111,0.35125,0.44824,0.45631,0.47517
0.23565,0.060683,0.012447,0.066871,0.25815,0.14653,0.10138,0.25696,0.031919,0.058814,0.090058,0.23827,0.21857,0.15428
0.077965,-0.054076,-0.04952,-0.01313,0.22468,0.084611,0.03973,0.067981,-0.077405,-0.032338,-0.055254,0.21322,0.17805,0.063212
0.35686,0.25207,0.23153,0.27858,0.52956,0.41439,0.32318,0.36938,0.23112,0.30115,0.28534,0.50583,0.50928,0.37241
0.35285,0.29303,0.23018,0.2702,0.57408,0.4879,0.36479,0.33644,0.26971,0.27702,0.24555,0.5583,0.5613,0.40413
0.7854,0.66355,0.6652,0.65782,0.64283,0.60808,0.55713,0.74826,0.62518,0.66572,0.64728,0.6204,0.5741,0.57361
0.66355,0.7854,0.61923,0.58206,0.49114,0.47319,0.65774,0.62968,0.71434,0.60103,0.55432,0.52642,0.45794,0.63039
0.6652,0.61923,0.7854,0.7511,0.53365,0.60908,0.52708,0.65685,0.59334,0.74413,0.70373,0.53636,0.54439,0.50424
0.65782,0.58206,0.7511,0.7854,0.52624,0.61989,0.47235,0.63259,0.5548,0.7165,0.69551,0.51576,0.54445,0.46704
0.64283,0.49114,0.53365,0.52624,0.7854,0.68667,0.50502,0.62649,0.47137,0.54068,0.52485,0.71046,0.65859,0.5142
0.60808,0.47319,0.60908,0.61989,0.68667,0.7854,0.49513,0.59034,0.46391,0.61337,0.59557,0.64185,0.68287,0.48929
0.55713,0.65774,0.52708,0.47235,0.50502,0.49513,0.7854,0.50903,0.59631,0.52964,0.4355,0.50314,0.45918,0.70445
0.74826,0.62968,0.65685,0.63259,0.62649,0.59034,0.50903,0.7854,0.63747,0.67266,0.67406,0.62732,0.57983,0.55096
0.62518,0.71434,0.59334,0.5548,0.47137,0.46391,0.59631,0.63747,0.7854,0.6078,0.56635,0.52531,0.45309,0.64942
0.66572,0.60103,0.74413,0.7165,0.54068,0.61337,0.52964,0.67266,0.6078,0.7854,0.73641,0.5476,0.58054,0.53956
0.64728,0.55432,0.70373,0.69551,0.52485,0.59557,0.4355,0.67406,0.56635,0.73641,0.7854,0.54012,0.56635,0.45797
0.6204,0.52642,0.53636,0.51576,0.71046,0.64185,0.50314,0.62732,0.52531,0.5476,0.54012,0.7854,0.6873,0.5023
0.5741,0.45794,0.54439,0.54445,0.65859,0.68287,0.45918,0.57983,0.45309,0.58054,0.56635,0.6873,0.7854,0.48892
0.57361,0.63039,0.50424,0.46704,0.5142,0.48929,0.70445,0.55096,0.64942,0.53956,0.45797,0.5023,0.48892,0.7854
